* Original sequence:
353 413 249 406 447 394 452 45 386 321 251 289 428 157 248 274 332 60 450 271 208 170 281 149 421 448 387 284 268 486 372 319 211 193 89 162 315 114 165 77 199 471 285 280 399 243 273 385 113 352 340 81 5 407 30 118 203 7 308 292 160 120 171 138 110 135 90 330 403 419 497 309 282 342 100 144 472 395 105 453 163 130 436 121 109 62 73 59 347 83 178 261 134 475 417 55 148 17 489 242 241 364 357 254 272 479 169 276 194 344 477 223 108 33 482 336 107 166 27 122 145 262 43 125 378 376 42 294 94 270 444 356 202 462 206 63 438 412 368 34 18 465 174 50 325 443 12 437 445 278 72 189 8 88 167 233 39 103 227 150 473 382 470 96 95 230 175 494 427 66 326 187 365 354 84 302 142 299 456 359 429 28 183 245 216 496 186 99 179 217 15 433 153 127 37 74 490 313 168 491 431 487 222 70 116 177 441 6 331 461 172 219 425 312 297 259 58 128 415 226 410 358 267 13 32 102 360 397 500 409 247 286 467 363 329 67 212 41 221 288 49 192 207 182 373 44 380 287 112 14 85 483 235 320 180 232 454 311 269 126 101 23 154 474 69 140 1 20 463 36 328 404 349 488 133 51 301 48 22 334 346 228 493 498 68 46 355 190 155 279 76 435 337 225 343 322 132 440 379 136 293 205 333 146 318 275 381 314 411 402 442 24 480 79 351 141 147 213 143 4 129 418 389 306 466 239 405 47 10 91 204 371 191 82 464 484 345 139 366 115 304 291 260 361 131 495 375 423 469 86 3 439 106 54 338 229 310 151 218 401 434 57 341 468 400 195 255 370 21 492 159 244 298 420 238 432 335 38 210 384 290 396 240 119 416 124 19 481 237 161 323 201 388 97 176 350 65 11 236 31 198 56 2 184 408 188 451 266 426 87 277 348 257 92 256 40 324 224 295 104 35 26 398 264 300 234 327 98 197 123 476 200 390 52 391 424 258 253 316 61 303 430 460 459 307 220 25 152 53 173 339 414 164 377 16 457 111 71 9 137 185 263 296 75 117 367 369 317 305 215 78 156 485 181 246 64 455 196 374 422 392 458 362 449 29 383 93 252 158 393 231 214 209 478 80 446 265 499 283 250 

* Recursion level 1:
353 413 249 406 394 447 45 452 321 386 251 289 157 428 248 274 60 332 271 450 170 208 149 281 421 448 284 387 268 486 319 372 193 211 89 162 114 315 77 165 199 471 280 285 243 399 273 385 113 352 81 340 5 407 30 118 7 203 292 308 120 160 138 171 110 135 90 330 403 419 309 497 282 342 100 144 395 472 105 453 130 163 121 436 62 109 59 73 83 347 178 261 134 475 55 417 17 148 242 489 241 364 254 357 272 479 169 276 194 344 223 477 33 108 336 482 107 166 27 122 145 262 43 125 376 378 42 294 94 270 356 444 202 462 63 206 412 438 34 368 18 465 50 174 325 443 12 437 278 445 72 189 8 88 167 233 39 103 150 227 382 473 96 470 95 230 175 494 66 427 187 326 354 365 84 302 142 299 359 456 28 429 183 245 216 496 99 186 179 217 15 433 127 153 37 74 313 490 168 491 431 487 70 222 116 177 6 441 331 461 172 219 312 425 259 297 58 128 226 415 358 410 13 267 32 102 360 397 409 500 247 286 363 467 67 329 41 212 221 288 49 192 182 207 44 373 287 380 14 112 85 483 235 320 180 232 311 454 126 269 23 101 154 474 69 140 1 20 36 463 328 404 349 488 51 133 48 301 22 334 228 346 493 498 46 68 190 355 155 279 76 435 225 337 322 343 132 440 136 379 205 293 146 333 275 318 314 381 402 411 24 442 79 480 141 351 147 213 4 143 129 418 306 389 239 466 47 405 10 91 204 371 82 191 464 484 139 345 115 366 291 304 260 361 131 495 375 423 86 469 3 439 54 106 229 338 151 310 218 401 57 434 341 468 195 400 255 370 21 492 159 244 298 420 238 432 38 335 210 384 290 396 119 240 124 416 19 481 161 237 201 323 97 388 176 350 11 65 31 236 56 198 2 184 188 408 266 451 87 426 277 348 92 257 40 256 224 324 104 295 26 35 264 398 234 300 98 327 123 197 200 476 52 390 391 424 253 258 61 316 303 430 459 460 220 307 25 152 53 173 339 414 164 377 16 457 71 111 9 137 185 263 75 296 117 367 317 369 215 305 78 156 181 485 64 246 196 455 374 422 392 458 362 449 29 383 93 252 158 393 214 231 209 478 80 446 265 499 250 283 

* Recursion level 2:
249 406 353 413 394 447 45 452 251 289 321 386 248 274 157 428 60 332 271 450 170 208 149 281 284 387 421 448 319 372 268 486 89 162 193 211 77 165 114 315 280 285 199 471 273 385 243 399 81 340 113 352 30 118 5 407 7 203 292 308 120 160 138 171 110 135 90 330 403 419 309 497 100 144 282 342 105 453 395 472 130 163 121 436 59 73 62 109 178 261 83 347 55 417 134 475 17 148 242 489 254 357 241 364 169 276 272 479 194 344 223 477 33 108 336 482 27 122 107 166 43 125 145 262 42 294 376 378 94 270 356 444 63 206 202 462 34 368 412 438 50 174 18 465 12 437 325 443 72 189 278 445 8 88 167 233 39 103 150 227 96 470 382 473 95 230 175 494 187 326 66 427 84 302 354 365 142 299 359 456 183 245 28 429 99 186 216 496 179 217 15 433 37 74 127 153 313 490 168 491 70 222 431 487 116 177 6 441 172 219 331 461 259 297 312 425 58 128 226 415 13 267 358 410 32 102 360 397 247 286 409 500 67 329 363 467 41 212 221 288 49 192 182 207 44 373 287 380 14 112 85 483 180 232 235 320 126 269 311 454 23 101 154 474 1 20 69 140 328 404 36 463 51 133 349 488 48 301 22 334 228 346 493 498 46 68 190 355 155 279 76 435 225 337 322 343 136 379 132 440 205 293 146 333 275 318 314 381 402 411 24 442 141 351 79 480 4 143 147 213 306 389 129 418 47 405 239 466 10 91 204 371 82 191 464 484 139 345 115 366 291 304 260 361 375 423 131 495 3 439 86 469 54 106 229 338 151 310 218 401 57 434 341 468 255 370 195 400 159 244 21 492 298 420 238 432 38 335 210 384 119 240 290 396 124 416 19 481 161 237 201 323 176 350 97 388 11 65 31 236 2 184 56 198 188 408 266 451 277 348 87 426 40 256 92 257 104 295 224 324 26 35 264 398 234 300 98 327 123 197 200 476 52 390 391 424 253 258 61 316 303 430 459 460 25 152 220 307 53 173 339 414 164 377 16 457 71 111 9 137 185 263 75 296 117 367 317 369 78 156 215 305 64 246 181 485 374 422 196 455 362 449 392 458 93 252 29 383 214 231 158 393 80 446 209 478 250 283 265 499 

* Recursion level 3:
249 406 353 413 394 447 45 452 251 289 321 386 248 274 157 428 170 208 149 281 60 332 271 450 284 387 421 448 319 372 268 486 89 162 193 211 77 165 114 315 273 385 243 399 280 285 199 471 81 340 113 352 30 118 5 407 120 160 138 171 7 203 292 308 110 135 90 330 403 419 309 497 100 144 282 342 105 453 395 472 59 73 62 109 130 163 121 436 178 261 83 347 55 417 134 475 254 357 241 364 17 148 242 489 194 344 223 477 169 276 272 479 27 122 107 166 33 108 336 482 43 125 145 262 42 294 376 378 94 270 356 444 63 206 202 462 34 368 412 438 50 174 18 465 12 437 325 443 72 189 278 445 39 103 150 227 8 88 167 233 96 470 382 473 95 230 175 494 84 302 354 365 187 326 66 427 183 245 28 429 142 299 359 456 179 217 15 433 99 186 216 496 37 74 127 153 313 490 168 491 116 177 6 441 70 222 431 487 259 297 312 425 172 219 331 461 13 267 358 410 58 128 226 415 32 102 360 397 247 286 409 500 41 212 221 288 67 329 363 467 49 192 182 207 44 373 287 380 180 232 235 320 14 112 85 483 126 269 311 454 23 101 154 474 1 20 69 140 328 404 36 463 48 301 22 334 51 133 349 488 46 68 190 355 228 346 493 498 225 337 322 343 155 279 76 435 205 293 146 333 136 379 132 440 275 318 314 381 402 411 24 442 4 143 147 213 141 351 79 480 306 389 129 418 47 405 239 466 10 91 204 371 82 191 464 484 291 304 260 361 139 345 115 366 3 439 86 469 375 423 131 495 54 106 229 338 151 310 218 401 255 370 195 400 57 434 341 468 298 420 238 432 159 244 21 492 38 335 210 384 119 240 290 396 161 237 201 323 124 416 19 481 11 65 31 236 176 350 97 388 2 184 56 198 188 408 266 451 40 256 92 257 277 348 87 426 104 295 224 324 26 35 264 398 234 300 98 327 123 197 200 476 253 258 61 316 52 390 391 424 25 152 220 307 303 430 459 460 53 173 339 414 164 377 16 457 71 111 9 137 185 263 75 296 78 156 215 305 117 367 317 369 374 422 196 455 64 246 181 485 93 252 29 383 362 449 392 458 214 231 158 393 80 446 209 478 250 283 265 499 

* Recursion level 4:
251 289 321 386 248 274 157 428 249 406 353 413 394 447 45 452 170 208 149 281 60 332 271 450 284 387 421 448 319 372 268 486 89 162 193 211 77 165 114 315 273 385 243 399 280 285 199 471 120 160 138 171 7 203 292 308 81 340 113 352 30 118 5 407 100 144 282 342 105 453 395 472 110 135 90 330 403 419 309 497 59 73 62 109 130 163 121 436 178 261 83 347 55 417 134 475 194 344 223 477 169 276 272 479 254 357 241 364 17 148 242 489 43 125 145 262 42 294 376 378 27 122 107 166 33 108 336 482 94 270 356 444 63 206 202 462 34 368 412 438 50 174 18 465 39 103 150 227 8 88 167 233 12 437 325 443 72 189 278 445 84 302 354 365 187 326 66 427 96 470 382 473 95 230 175 494 183 245 28 429 142 299 359 456 179 217 15 433 99 186 216 496 116 177 6 441 70 222 431 487 37 74 127 153 313 490 168 491 13 267 358 410 58 128 226 415 259 297 312 425 172 219 331 461 41 212 221 288 67 329 363 467 32 102 360 397 247 286 409 500 49 192 182 207 44 373 287 380 180 232 235 320 14 112 85 483 1 20 69 140 328 404 36 463 126 269 311 454 23 101 154 474 48 301 22 334 51 133 349 488 46 68 190 355 228 346 493 498 225 337 322 343 155 279 76 435 205 293 146 333 136 379 132 440 275 318 314 381 402 411 24 442 4 143 147 213 141 351 79 480 306 389 129 418 47 405 239 466 10 91 204 371 82 191 464 484 291 304 260 361 139 345 115 366 3 439 86 469 375 423 131 495 54 106 229 338 151 310 218 401 255 370 195 400 57 434 341 468 38 335 210 384 119 240 290 396 298 420 238 432 159 244 21 492 11 65 31 236 176 350 97 388 161 237 201 323 124 416 19 481 40 256 92 257 277 348 87 426 2 184 56 198 188 408 266 451 104 295 224 324 26 35 264 398 234 300 98 327 123 197 200 476 253 258 61 316 52 390 391 424 25 152 220 307 303 430 459 460 71 111 9 137 185 263 75 296 53 173 339 414 164 377 16 457 78 156 215 305 117 367 317 369 374 422 196 455 64 246 181 485 93 252 29 383 362 449 392 458 214 231 158 393 80 446 209 478 250 283 265 499 

* Recursion level 5:
251 289 321 386 248 274 157 428 249 406 353 413 394 447 45 452 170 208 149 281 60 332 271 450 284 387 421 448 319 372 268 486 120 160 138 171 7 203 292 308 81 340 113 352 30 118 5 407 89 162 193 211 77 165 114 315 273 385 243 399 280 285 199 471 59 73 62 109 130 163 121 436 178 261 83 347 55 417 134 475 100 144 282 342 105 453 395 472 110 135 90 330 403 419 309 497 43 125 145 262 42 294 376 378 27 122 107 166 33 108 336 482 194 344 223 477 169 276 272 479 254 357 241 364 17 148 242 489 39 103 150 227 8 88 167 233 12 437 325 443 72 189 278 445 94 270 356 444 63 206 202 462 34 368 412 438 50 174 18 465 84 302 354 365 187 326 66 427 96 470 382 473 95 230 175 494 183 245 28 429 142 299 359 456 179 217 15 433 99 186 216 496 13 267 358 410 58 128 226 415 259 297 312 425 172 219 331 461 116 177 6 441 70 222 431 487 37 74 127 153 313 490 168 491 49 192 182 207 44 373 287 380 180 232 235 320 14 112 85 483 41 212 221 288 67 329 363 467 32 102 360 397 247 286 409 500 1 20 69 140 328 404 36 463 126 269 311 454 23 101 154 474 48 301 22 334 51 133 349 488 46 68 190 355 228 346 493 498 225 337 322 343 155 279 76 435 205 293 146 333 136 379 132 440 275 318 314 381 402 411 24 442 4 143 147 213 141 351 79 480 306 389 129 418 47 405 239 466 10 91 204 371 82 191 464 484 291 304 260 361 139 345 115 366 3 439 86 469 375 423 131 495 54 106 229 338 151 310 218 401 255 370 195 400 57 434 341 468 38 335 210 384 119 240 290 396 298 420 238 432 159 244 21 492 40 256 92 257 277 348 87 426 2 184 56 198 188 408 266 451 11 65 31 236 176 350 97 388 161 237 201 323 124 416 19 481 253 258 61 316 52 390 391 424 25 152 220 307 303 430 459 460 104 295 224 324 26 35 264 398 234 300 98 327 123 197 200 476 71 111 9 137 185 263 75 296 53 173 339 414 164 377 16 457 78 156 215 305 117 367 317 369 374 422 196 455 64 246 181 485 93 252 29 383 362 449 392 458 214 231 158 393 80 446 209 478 250 283 265 499 

* Recursion level 6:
120 160 138 171 7 203 292 308 81 340 113 352 30 118 5 407 89 162 193 211 77 165 114 315 273 385 243 399 280 285 199 471 251 289 321 386 248 274 157 428 249 406 353 413 394 447 45 452 170 208 149 281 60 332 271 450 284 387 421 448 319 372 268 486 43 125 145 262 42 294 376 378 27 122 107 166 33 108 336 482 194 344 223 477 169 276 272 479 254 357 241 364 17 148 242 489 59 73 62 109 130 163 121 436 178 261 83 347 55 417 134 475 100 144 282 342 105 453 395 472 110 135 90 330 403 419 309 497 39 103 150 227 8 88 167 233 12 437 325 443 72 189 278 445 94 270 356 444 63 206 202 462 34 368 412 438 50 174 18 465 84 302 354 365 187 326 66 427 96 470 382 473 95 230 175 494 183 245 28 429 142 299 359 456 179 217 15 433 99 186 216 496 13 267 358 410 58 128 226 415 259 297 312 425 172 219 331 461 116 177 6 441 70 222 431 487 37 74 127 153 313 490 168 491 49 192 182 207 44 373 287 380 180 232 235 320 14 112 85 483 41 212 221 288 67 329 363 467 32 102 360 397 247 286 409 500 225 337 322 343 155 279 76 435 205 293 146 333 136 379 132 440 275 318 314 381 402 411 24 442 4 143 147 213 141 351 79 480 1 20 69 140 328 404 36 463 126 269 311 454 23 101 154 474 48 301 22 334 51 133 349 488 46 68 190 355 228 346 493 498 54 106 229 338 151 310 218 401 255 370 195 400 57 434 341 468 38 335 210 384 119 240 290 396 298 420 238 432 159 244 21 492 306 389 129 418 47 405 239 466 10 91 204 371 82 191 464 484 291 304 260 361 139 345 115 366 3 439 86 469 375 423 131 495 253 258 61 316 52 390 391 424 25 152 220 307 303 430 459 460 104 295 224 324 26 35 264 398 234 300 98 327 123 197 200 476 40 256 92 257 277 348 87 426 2 184 56 198 188 408 266 451 11 65 31 236 176 350 97 388 161 237 201 323 124 416 19 481 71 111 9 137 185 263 75 296 53 173 339 414 164 377 16 457 78 156 215 305 117 367 317 369 374 422 196 455 64 246 181 485 93 252 29 383 362 449 392 458 214 231 158 393 80 446 209 478 250 283 265 499 

* Recursion level 7:
120 160 138 171 7 203 292 308 81 340 113 352 30 118 5 407 89 162 193 211 77 165 114 315 273 385 243 399 280 285 199 471 251 289 321 386 248 274 157 428 249 406 353 413 394 447 45 452 170 208 149 281 60 332 271 450 284 387 421 448 319 372 268 486 43 125 145 262 42 294 376 378 27 122 107 166 33 108 336 482 194 344 223 477 169 276 272 479 254 357 241 364 17 148 242 489 59 73 62 109 130 163 121 436 178 261 83 347 55 417 134 475 100 144 282 342 105 453 395 472 110 135 90 330 403 419 309 497 39 103 150 227 8 88 167 233 12 437 325 443 72 189 278 445 94 270 356 444 63 206 202 462 34 368 412 438 50 174 18 465 84 302 354 365 187 326 66 427 96 470 382 473 95 230 175 494 183 245 28 429 142 299 359 456 179 217 15 433 99 186 216 496 13 267 358 410 58 128 226 415 259 297 312 425 172 219 331 461 116 177 6 441 70 222 431 487 37 74 127 153 313 490 168 491 49 192 182 207 44 373 287 380 180 232 235 320 14 112 85 483 41 212 221 288 67 329 363 467 32 102 360 397 247 286 409 500 54 106 229 338 151 310 218 401 255 370 195 400 57 434 341 468 38 335 210 384 119 240 290 396 298 420 238 432 159 244 21 492 306 389 129 418 47 405 239 466 10 91 204 371 82 191 464 484 291 304 260 361 139 345 115 366 3 439 86 469 375 423 131 495 225 337 322 343 155 279 76 435 205 293 146 333 136 379 132 440 275 318 314 381 402 411 24 442 4 143 147 213 141 351 79 480 1 20 69 140 328 404 36 463 126 269 311 454 23 101 154 474 48 301 22 334 51 133 349 488 46 68 190 355 228 346 493 498 253 258 61 316 52 390 391 424 25 152 220 307 303 430 459 460 104 295 224 324 26 35 264 398 234 300 98 327 123 197 200 476 40 256 92 257 277 348 87 426 2 184 56 198 188 408 266 451 11 65 31 236 176 350 97 388 161 237 201 323 124 416 19 481 71 111 9 137 185 263 75 296 53 173 339 414 164 377 16 457 78 156 215 305 117 367 317 369 374 422 196 455 64 246 181 485 93 252 29 383 362 449 392 458 214 231 158 393 80 446 209 478 250 283 265 499 

* Recursion level 8:
120 160 138 171 7 203 292 308 81 340 113 352 30 118 5 407 89 162 193 211 77 165 114 315 273 385 243 399 280 285 199 471 251 289 321 386 248 274 157 428 249 406 353 413 394 447 45 452 170 208 149 281 60 332 271 450 284 387 421 448 319 372 268 486 43 125 145 262 42 294 376 378 27 122 107 166 33 108 336 482 194 344 223 477 169 276 272 479 254 357 241 364 17 148 242 489 59 73 62 109 130 163 121 436 178 261 83 347 55 417 134 475 100 144 282 342 105 453 395 472 110 135 90 330 403 419 309 497 39 103 150 227 8 88 167 233 12 437 325 443 72 189 278 445 94 270 356 444 63 206 202 462 34 368 412 438 50 174 18 465 84 302 354 365 187 326 66 427 96 470 382 473 95 230 175 494 183 245 28 429 142 299 359 456 179 217 15 433 99 186 216 496 13 267 358 410 58 128 226 415 259 297 312 425 172 219 331 461 116 177 6 441 70 222 431 487 37 74 127 153 313 490 168 491 49 192 182 207 44 373 287 380 180 232 235 320 14 112 85 483 41 212 221 288 67 329 363 467 32 102 360 397 247 286 409 500 54 106 229 338 151 310 218 401 255 370 195 400 57 434 341 468 38 335 210 384 119 240 290 396 298 420 238 432 159 244 21 492 306 389 129 418 47 405 239 466 10 91 204 371 82 191 464 484 291 304 260 361 139 345 115 366 3 439 86 469 375 423 131 495 225 337 322 343 155 279 76 435 205 293 146 333 136 379 132 440 275 318 314 381 402 411 24 442 4 143 147 213 141 351 79 480 1 20 69 140 328 404 36 463 126 269 311 454 23 101 154 474 48 301 22 334 51 133 349 488 46 68 190 355 228 346 493 498 253 258 61 316 52 390 391 424 25 152 220 307 303 430 459 460 104 295 224 324 26 35 264 398 234 300 98 327 123 197 200 476 40 256 92 257 277 348 87 426 2 184 56 198 188 408 266 451 11 65 31 236 176 350 97 388 161 237 201 323 124 416 19 481 71 111 9 137 185 263 75 296 53 173 339 414 164 377 16 457 78 156 215 305 117 367 317 369 374 422 196 455 64 246 181 485 93 252 29 383 362 449 392 458 214 231 158 393 80 446 209 478 250 283 265 499 

* Recursion level 9:
(!) not enough numbers to make a pair

* Recursion level 8:
BEFORE: 120 160 138 171 7 203 292 308 81 340 113 352 30 118 5 407 89 162 193 211 77 165 114 315 273 385 243 399 280 285 199 471 251 289 321 386 248 274 157 428 249 406 353 413 394 447 45 452 170 208 149 281 60 332 271 450 284 387 421 448 319 372 268 486 43 125 145 262 42 294 376 378 27 122 107 166 33 108 336 482 194 344 223 477 169 276 272 479 254 357 241 364 17 148 242 489 59 73 62 109 130 163 121 436 178 261 83 347 55 417 134 475 100 144 282 342 105 453 395 472 110 135 90 330 403 419 309 497 39 103 150 227 8 88 167 233 12 437 325 443 72 189 278 445 94 270 356 444 63 206 202 462 34 368 412 438 50 174 18 465 84 302 354 365 187 326 66 427 96 470 382 473 95 230 175 494 183 245 28 429 142 299 359 456 179 217 15 433 99 186 216 496 13 267 358 410 58 128 226 415 259 297 312 425 172 219 331 461 116 177 6 441 70 222 431 487 37 74 127 153 313 490 168 491 49 192 182 207 44 373 287 380 180 232 235 320 14 112 85 483 41 212 221 288 67 329 363 467 32 102 360 397 247 286 409 500 54 106 229 338 151 310 218 401 255 370 195 400 57 434 341 468 38 335 210 384 119 240 290 396 298 420 238 432 159 244 21 492 306 389 129 418 47 405 239 466 10 91 204 371 82 191 464 484 291 304 260 361 139 345 115 366 3 439 86 469 375 423 131 495 225 337 322 343 155 279 76 435 205 293 146 333 136 379 132 440 275 318 314 381 402 411 24 442 4 143 147 213 141 351 79 480 1 20 69 140 328 404 36 463 126 269 311 454 23 101 154 474 48 301 22 334 51 133 349 488 46 68 190 355 228 346 493 498 253 258 61 316 52 390 391 424 25 152 220 307 303 430 459 460 104 295 224 324 26 35 264 398 234 300 98 327 123 197 200 476 40 256 92 257 277 348 87 426 2 184 56 198 188 408 266 451 11 65 31 236 176 350 97 388 161 237 201 323 124 416 19 481 71 111 9 137 185 263 75 296 53 173 339 414 164 377 16 457 78 156 215 305 117 367 317 369 374 422 196 455 64 246 181 485 93 252 29 383 362 449 392 458 214 231 158 393 80 446 209 478 250 283 265 499 
main: 120 160 138 171 7 203 292 308 81 340 113 352 30 118 5 407 89 162 193 211 77 165 114 315 273 385 243 399 280 285 199 471 251 289 321 386 248 274 157 428 249 406 353 413 394 447 45 452 170 208 149 281 60 332 271 450 284 387 421 448 319 372 268 486 43 125 145 262 42 294 376 378 27 122 107 166 33 108 336 482 194 344 223 477 169 276 272 479 254 357 241 364 17 148 242 489 59 73 62 109 130 163 121 436 178 261 83 347 55 417 134 475 100 144 282 342 105 453 395 472 110 135 90 330 403 419 309 497 39 103 150 227 8 88 167 233 12 437 325 443 72 189 278 445 94 270 356 444 63 206 202 462 34 368 412 438 50 174 18 465 84 302 354 365 187 326 66 427 96 470 382 473 95 230 175 494 183 245 28 429 142 299 359 456 179 217 15 433 99 186 216 496 13 267 358 410 58 128 226 415 259 297 312 425 172 219 331 461 116 177 6 441 70 222 431 487 37 74 127 153 313 490 168 491 49 192 182 207 44 373 287 380 180 232 235 320 14 112 85 483 41 212 221 288 67 329 363 467 32 102 360 397 247 286 409 500 
pend: 54 106 229 338 151 310 218 401 255 370 195 400 57 434 341 468 38 335 210 384 119 240 290 396 298 420 238 432 159 244 21 492 306 389 129 418 47 405 239 466 10 91 204 371 82 191 464 484 291 304 260 361 139 345 115 366 3 439 86 469 375 423 131 495 225 337 322 343 155 279 76 435 205 293 146 333 136 379 132 440 275 318 314 381 402 411 24 442 4 143 147 213 141 351 79 480 1 20 69 140 328 404 36 463 126 269 311 454 23 101 154 474 48 301 22 334 51 133 349 488 46 68 190 355 228 346 493 498 
extra: 253 258 61 316 52 390 391 424 25 152 220 307 303 430 459 460 104 295 224 324 26 35 264 398 234 300 98 327 123 197 200 476 40 256 92 257 277 348 87 426 2 184 56 198 188 408 266 451 11 65 31 236 176 350 97 388 161 237 201 323 124 416 19 481 71 111 9 137 185 263 75 296 53 173 339 414 164 377 16 457 78 156 215 305 117 367 317 369 374 422 196 455 64 246 181 485 93 252 29 383 362 449 392 458 214 231 158 393 80 446 209 478 250 283 265 499 
b_last: 498
insert_pos: 39
AFTER: 120 160 138 171 7 203 292 308 81 340 113 352 30 118 5 407 89 162 193 211 77 165 114 315 273 385 243 399 280 285 199 471 251 289 321 386 248 274 157 428 249 406 353 413 394 447 45 452 170 208 149 281 60 332 271 450 284 387 421 448 319 372 268 486 43 125 145 262 42 294 376 378 27 122 107 166 33 108 336 482 194 344 223 477 169 276 272 479 254 357 241 364 17 148 242 489 59 73 62 109 130 163 121 436 178 261 83 347 55 417 134 475 100 144 282 342 105 453 395 472 110 135 90 330 403 419 309 497 54 106 229 338 151 310 218 401 255 370 195 400 57 434 341 468 38 335 210 384 119 240 290 396 298 420 238 432 159 244 21 492 306 389 129 418 47 405 239 466 10 91 204 371 82 191 464 484 291 304 260 361 139 345 115 366 3 439 86 469 375 423 131 495 225 337 322 343 155 279 76 435 205 293 146 333 136 379 132 440 275 318 314 381 402 411 24 442 4 143 147 213 141 351 79 480 1 20 69 140 328 404 36 463 126 269 311 454 23 101 154 474 48 301 22 334 51 133 349 488 46 68 190 355 228 346 493 498 39 103 150 227 8 88 167 233 12 437 325 443 72 189 278 445 94 270 356 444 63 206 202 462 34 368 412 438 50 174 18 465 84 302 354 365 187 326 66 427 96 470 382 473 95 230 175 494 183 245 28 429 142 299 359 456 179 217 15 433 99 186 216 496 13 267 358 410 58 128 226 415 259 297 312 425 172 219 331 461 116 177 6 441 70 222 431 487 37 74 127 153 313 490 168 491 49 192 182 207 44 373 287 380 180 232 235 320 14 112 85 483 41 212 221 288 67 329 363 467 32 102 360 397 247 286 409 500 253 258 61 316 52 390 391 424 25 152 220 307 303 430 459 460 104 295 224 324 26 35 264 398 234 300 98 327 123 197 200 476 40 256 92 257 277 348 87 426 2 184 56 198 188 408 266 451 11 65 31 236 176 350 97 388 161 237 201 323 124 416 19 481 71 111 9 137 185 263 75 296 53 173 339 414 164 377 16 457 78 156 215 305 117 367 317 369 374 422 196 455 64 246 181 485 93 252 29 383 362 449 392 458 214 231 158 393 80 446 209 478 250 283 265 499 

* Recursion level 7:
BEFORE: 120 160 138 171 7 203 292 308 81 340 113 352 30 118 5 407 89 162 193 211 77 165 114 315 273 385 243 399 280 285 199 471 251 289 321 386 248 274 157 428 249 406 353 413 394 447 45 452 170 208 149 281 60 332 271 450 284 387 421 448 319 372 268 486 43 125 145 262 42 294 376 378 27 122 107 166 33 108 336 482 194 344 223 477 169 276 272 479 254 357 241 364 17 148 242 489 59 73 62 109 130 163 121 436 178 261 83 347 55 417 134 475 100 144 282 342 105 453 395 472 110 135 90 330 403 419 309 497 54 106 229 338 151 310 218 401 255 370 195 400 57 434 341 468 38 335 210 384 119 240 290 396 298 420 238 432 159 244 21 492 306 389 129 418 47 405 239 466 10 91 204 371 82 191 464 484 291 304 260 361 139 345 115 366 3 439 86 469 375 423 131 495 225 337 322 343 155 279 76 435 205 293 146 333 136 379 132 440 275 318 314 381 402 411 24 442 4 143 147 213 141 351 79 480 1 20 69 140 328 404 36 463 126 269 311 454 23 101 154 474 48 301 22 334 51 133 349 488 46 68 190 355 228 346 493 498 39 103 150 227 8 88 167 233 12 437 325 443 72 189 278 445 94 270 356 444 63 206 202 462 34 368 412 438 50 174 18 465 84 302 354 365 187 326 66 427 96 470 382 473 95 230 175 494 183 245 28 429 142 299 359 456 179 217 15 433 99 186 216 496 13 267 358 410 58 128 226 415 259 297 312 425 172 219 331 461 116 177 6 441 70 222 431 487 37 74 127 153 313 490 168 491 49 192 182 207 44 373 287 380 180 232 235 320 14 112 85 483 41 212 221 288 67 329 363 467 32 102 360 397 247 286 409 500 253 258 61 316 52 390 391 424 25 152 220 307 303 430 459 460 104 295 224 324 26 35 264 398 234 300 98 327 123 197 200 476 40 256 92 257 277 348 87 426 2 184 56 198 188 408 266 451 11 65 31 236 176 350 97 388 161 237 201 323 124 416 19 481 71 111 9 137 185 263 75 296 53 173 339 414 164 377 16 457 78 156 215 305 117 367 317 369 374 422 196 455 64 246 181 485 93 252 29 383 362 449 392 458 214 231 158 393 80 446 209 478 250 283 265 499 
main: 120 160 138 171 7 203 292 308 81 340 113 352 30 118 5 407 89 162 193 211 77 165 114 315 273 385 243 399 280 285 199 471 251 289 321 386 248 274 157 428 249 406 353 413 394 447 45 452 170 208 149 281 60 332 271 450 284 387 421 448 319 372 268 486 43 125 145 262 42 294 376 378 27 122 107 166 33 108 336 482 194 344 223 477 169 276 272 479 254 357 241 364 17 148 242 489 59 73 62 109 130 163 121 436 178 261 83 347 55 417 134 475 100 144 282 342 105 453 395 472 110 135 90 330 403 419 309 497 225 337 322 343 155 279 76 435 205 293 146 333 136 379 132 440 275 318 314 381 402 411 24 442 4 143 147 213 141 351 79 480 1 20 69 140 328 404 36 463 126 269 311 454 23 101 154 474 48 301 22 334 51 133 349 488 46 68 190 355 228 346 493 498 13 267 358 410 58 128 226 415 259 297 312 425 172 219 331 461 116 177 6 441 70 222 431 487 37 74 127 153 313 490 168 491 49 192 182 207 44 373 287 380 180 232 235 320 14 112 85 483 41 212 221 288 67 329 363 467 32 102 360 397 247 286 409 500 
pend: 54 106 229 338 151 310 218 401 255 370 195 400 57 434 341 468 38 335 210 384 119 240 290 396 298 420 238 432 159 244 21 492 306 389 129 418 47 405 239 466 10 91 204 371 82 191 464 484 291 304 260 361 139 345 115 366 3 439 86 469 375 423 131 495 39 103 150 227 8 88 167 233 12 437 325 443 72 189 278 445 94 270 356 444 63 206 202 462 34 368 412 438 50 174 18 465 84 302 354 365 187 326 66 427 96 470 382 473 95 230 175 494 183 245 28 429 142 299 359 456 179 217 15 433 99 186 216 496 253 258 61 316 52 390 391 424 25 152 220 307 303 430 459 460 104 295 224 324 26 35 264 398 234 300 98 327 123 197 200 476 40 256 92 257 277 348 87 426 2 184 56 198 188 408 266 451 11 65 31 236 176 350 97 388 161 237 201 323 124 416 19 481 
extra: 71 111 9 137 185 263 75 296 53 173 339 414 164 377 16 457 78 156 215 305 117 367 317 369 374 422 196 455 64 246 181 485 93 252 29 383 362 449 392 458 214 231 158 393 80 446 209 478 250 283 265 499 
b_last: 481
insert_pos: 120
b_last: 496
insert_pos: 43
b_last: 495
insert_pos: 39
AFTER: 253 258 61 316 52 390 391 424 25 152 220 307 303 430 459 460 104 295 224 324 26 35 264 398 234 300 98 327 123 197 200 476 40 256 92 257 277 348 87 426 2 184 56 198 188 408 266 451 11 65 31 236 176 350 97 388 161 237 201 323 124 416 19 481 120 160 138 171 7 203 292 308 81 340 113 352 30 118 5 407 89 162 193 211 77 165 114 315 273 385 243 399 280 285 199 471 251 289 321 386 248 274 157 428 249 406 353 413 394 447 45 452 170 208 149 281 60 332 271 450 284 387 421 448 319 372 268 486 54 106 229 338 151 310 218 401 255 370 195 400 57 434 341 468 38 335 210 384 119 240 290 396 298 420 238 432 159 244 21 492 306 389 129 418 47 405 239 466 10 91 204 371 82 191 464 484 291 304 260 361 139 345 115 366 3 439 86 469 375 423 131 495 39 103 150 227 8 88 167 233 12 437 325 443 72 189 278 445 94 270 356 444 63 206 202 462 34 368 412 438 50 174 18 465 84 302 354 365 187 326 66 427 96 470 382 473 95 230 175 494 183 245 28 429 142 299 359 456 179 217 15 433 99 186 216 496 43 125 145 262 42 294 376 378 27 122 107 166 33 108 336 482 194 344 223 477 169 276 272 479 254 357 241 364 17 148 242 489 59 73 62 109 130 163 121 436 178 261 83 347 55 417 134 475 100 144 282 342 105 453 395 472 110 135 90 330 403 419 309 497 225 337 322 343 155 279 76 435 205 293 146 333 136 379 132 440 275 318 314 381 402 411 24 442 4 143 147 213 141 351 79 480 1 20 69 140 328 404 36 463 126 269 311 454 23 101 154 474 48 301 22 334 51 133 349 488 46 68 190 355 228 346 493 498 13 267 358 410 58 128 226 415 259 297 312 425 172 219 331 461 116 177 6 441 70 222 431 487 37 74 127 153 313 490 168 491 49 192 182 207 44 373 287 380 180 232 235 320 14 112 85 483 41 212 221 288 67 329 363 467 32 102 360 397 247 286 409 500 71 111 9 137 185 263 75 296 53 173 339 414 164 377 16 457 78 156 215 305 117 367 317 369 374 422 196 455 64 246 181 485 93 252 29 383 362 449 392 458 214 231 158 393 80 446 209 478 250 283 265 499 

* Recursion level 6:
BEFORE: 253 258 61 316 52 390 391 424 25 152 220 307 303 430 459 460 104 295 224 324 26 35 264 398 234 300 98 327 123 197 200 476 40 256 92 257 277 348 87 426 2 184 56 198 188 408 266 451 11 65 31 236 176 350 97 388 161 237 201 323 124 416 19 481 120 160 138 171 7 203 292 308 81 340 113 352 30 118 5 407 89 162 193 211 77 165 114 315 273 385 243 399 280 285 199 471 251 289 321 386 248 274 157 428 249 406 353 413 394 447 45 452 170 208 149 281 60 332 271 450 284 387 421 448 319 372 268 486 54 106 229 338 151 310 218 401 255 370 195 400 57 434 341 468 38 335 210 384 119 240 290 396 298 420 238 432 159 244 21 492 306 389 129 418 47 405 239 466 10 91 204 371 82 191 464 484 291 304 260 361 139 345 115 366 3 439 86 469 375 423 131 495 39 103 150 227 8 88 167 233 12 437 325 443 72 189 278 445 94 270 356 444 63 206 202 462 34 368 412 438 50 174 18 465 84 302 354 365 187 326 66 427 96 470 382 473 95 230 175 494 183 245 28 429 142 299 359 456 179 217 15 433 99 186 216 496 43 125 145 262 42 294 376 378 27 122 107 166 33 108 336 482 194 344 223 477 169 276 272 479 254 357 241 364 17 148 242 489 59 73 62 109 130 163 121 436 178 261 83 347 55 417 134 475 100 144 282 342 105 453 395 472 110 135 90 330 403 419 309 497 225 337 322 343 155 279 76 435 205 293 146 333 136 379 132 440 275 318 314 381 402 411 24 442 4 143 147 213 141 351 79 480 1 20 69 140 328 404 36 463 126 269 311 454 23 101 154 474 48 301 22 334 51 133 349 488 46 68 190 355 228 346 493 498 13 267 358 410 58 128 226 415 259 297 312 425 172 219 331 461 116 177 6 441 70 222 431 487 37 74 127 153 313 490 168 491 49 192 182 207 44 373 287 380 180 232 235 320 14 112 85 483 41 212 221 288 67 329 363 467 32 102 360 397 247 286 409 500 71 111 9 137 185 263 75 296 53 173 339 414 164 377 16 457 78 156 215 305 117 367 317 369 374 422 196 455 64 246 181 485 93 252 29 383 362 449 392 458 214 231 158 393 80 446 209 478 250 283 265 499 
main: 253 258 61 316 52 390 391 424 25 152 220 307 303 430 459 460 104 295 224 324 26 35 264 398 234 300 98 327 123 197 200 476 40 256 92 257 277 348 87 426 2 184 56 198 188 408 266 451 11 65 31 236 176 350 97 388 161 237 201 323 124 416 19 481 251 289 321 386 248 274 157 428 249 406 353 413 394 447 45 452 170 208 149 281 60 332 271 450 284 387 421 448 319 372 268 486 306 389 129 418 47 405 239 466 10 91 204 371 82 191 464 484 291 304 260 361 139 345 115 366 3 439 86 469 375 423 131 495 84 302 354 365 187 326 66 427 96 470 382 473 95 230 175 494 183 245 28 429 142 299 359 456 179 217 15 433 99 186 216 496 59 73 62 109 130 163 121 436 178 261 83 347 55 417 134 475 100 144 282 342 105 453 395 472 110 135 90 330 403 419 309 497 1 20 69 140 328 404 36 463 126 269 311 454 23 101 154 474 48 301 22 334 51 133 349 488 46 68 190 355 228 346 493 498 49 192 182 207 44 373 287 380 180 232 235 320 14 112 85 483 41 212 221 288 67 329 363 467 32 102 360 397 247 286 409 500 
pend: 120 160 138 171 7 203 292 308 81 340 113 352 30 118 5 407 89 162 193 211 77 165 114 315 273 385 243 399 280 285 199 471 54 106 229 338 151 310 218 401 255 370 195 400 57 434 341 468 38 335 210 384 119 240 290 396 298 420 238 432 159 244 21 492 39 103 150 227 8 88 167 233 12 437 325 443 72 189 278 445 94 270 356 444 63 206 202 462 34 368 412 438 50 174 18 465 43 125 145 262 42 294 376 378 27 122 107 166 33 108 336 482 194 344 223 477 169 276 272 479 254 357 241 364 17 148 242 489 225 337 322 343 155 279 76 435 205 293 146 333 136 379 132 440 275 318 314 381 402 411 24 442 4 143 147 213 141 351 79 480 13 267 358 410 58 128 226 415 259 297 312 425 172 219 331 461 116 177 6 441 70 222 431 487 37 74 127 153 313 490 168 491 71 111 9 137 185 263 75 296 53 173 339 414 164 377 16 457 78 156 215 305 117 367 317 369 374 422 196 455 64 246 181 485 
extra: 93 252 29 383 362 449 392 458 214 231 158 393 80 446 209 478 250 283 265 499 
b_last: 485
insert_pos: 251
b_last: 491
insert_pos: 306
b_last: 480
insert_pos: 40
b_last: 489
insert_pos: 13
b_last: 465
insert_pos: 253
b_last: 492
insert_pos: 306
b_last: 471
insert_pos: 253
AFTER: 39 103 150 227 8 88 167 233 12 437 325 443 72 189 278 445 94 270 356 444 63 206 202 462 34 368 412 438 50 174 18 465 120 160 138 171 7 203 292 308 81 340 113 352 30 118 5 407 89 162 193 211 77 165 114 315 273 385 243 399 280 285 199 471 253 258 61 316 52 390 391 424 25 152 220 307 303 430 459 460 104 295 224 324 26 35 264 398 234 300 98 327 123 197 200 476 225 337 322 343 155 279 76 435 205 293 146 333 136 379 132 440 275 318 314 381 402 411 24 442 4 143 147 213 141 351 79 480 40 256 92 257 277 348 87 426 2 184 56 198 188 408 266 451 11 65 31 236 176 350 97 388 161 237 201 323 124 416 19 481 71 111 9 137 185 263 75 296 53 173 339 414 164 377 16 457 78 156 215 305 117 367 317 369 374 422 196 455 64 246 181 485 251 289 321 386 248 274 157 428 249 406 353 413 394 447 45 452 170 208 149 281 60 332 271 450 284 387 421 448 319 372 268 486 43 125 145 262 42 294 376 378 27 122 107 166 33 108 336 482 194 344 223 477 169 276 272 479 254 357 241 364 17 148 242 489 13 267 358 410 58 128 226 415 259 297 312 425 172 219 331 461 116 177 6 441 70 222 431 487 37 74 127 153 313 490 168 491 54 106 229 338 151 310 218 401 255 370 195 400 57 434 341 468 38 335 210 384 119 240 290 396 298 420 238 432 159 244 21 492 306 389 129 418 47 405 239 466 10 91 204 371 82 191 464 484 291 304 260 361 139 345 115 366 3 439 86 469 375 423 131 495 84 302 354 365 187 326 66 427 96 470 382 473 95 230 175 494 183 245 28 429 142 299 359 456 179 217 15 433 99 186 216 496 59 73 62 109 130 163 121 436 178 261 83 347 55 417 134 475 100 144 282 342 105 453 395 472 110 135 90 330 403 419 309 497 1 20 69 140 328 404 36 463 126 269 311 454 23 101 154 474 48 301 22 334 51 133 349 488 46 68 190 355 228 346 493 498 49 192 182 207 44 373 287 380 180 232 235 320 14 112 85 483 41 212 221 288 67 329 363 467 32 102 360 397 247 286 409 500 93 252 29 383 362 449 392 458 214 231 158 393 80 446 209 478 250 283 265 499 

* Recursion level 5:
BEFORE: 39 103 150 227 8 88 167 233 12 437 325 443 72 189 278 445 94 270 356 444 63 206 202 462 34 368 412 438 50 174 18 465 120 160 138 171 7 203 292 308 81 340 113 352 30 118 5 407 89 162 193 211 77 165 114 315 273 385 243 399 280 285 199 471 253 258 61 316 52 390 391 424 25 152 220 307 303 430 459 460 104 295 224 324 26 35 264 398 234 300 98 327 123 197 200 476 225 337 322 343 155 279 76 435 205 293 146 333 136 379 132 440 275 318 314 381 402 411 24 442 4 143 147 213 141 351 79 480 40 256 92 257 277 348 87 426 2 184 56 198 188 408 266 451 11 65 31 236 176 350 97 388 161 237 201 323 124 416 19 481 71 111 9 137 185 263 75 296 53 173 339 414 164 377 16 457 78 156 215 305 117 367 317 369 374 422 196 455 64 246 181 485 251 289 321 386 248 274 157 428 249 406 353 413 394 447 45 452 170 208 149 281 60 332 271 450 284 387 421 448 319 372 268 486 43 125 145 262 42 294 376 378 27 122 107 166 33 108 336 482 194 344 223 477 169 276 272 479 254 357 241 364 17 148 242 489 13 267 358 410 58 128 226 415 259 297 312 425 172 219 331 461 116 177 6 441 70 222 431 487 37 74 127 153 313 490 168 491 54 106 229 338 151 310 218 401 255 370 195 400 57 434 341 468 38 335 210 384 119 240 290 396 298 420 238 432 159 244 21 492 306 389 129 418 47 405 239 466 10 91 204 371 82 191 464 484 291 304 260 361 139 345 115 366 3 439 86 469 375 423 131 495 84 302 354 365 187 326 66 427 96 470 382 473 95 230 175 494 183 245 28 429 142 299 359 456 179 217 15 433 99 186 216 496 59 73 62 109 130 163 121 436 178 261 83 347 55 417 134 475 100 144 282 342 105 453 395 472 110 135 90 330 403 419 309 497 1 20 69 140 328 404 36 463 126 269 311 454 23 101 154 474 48 301 22 334 51 133 349 488 46 68 190 355 228 346 493 498 49 192 182 207 44 373 287 380 180 232 235 320 14 112 85 483 41 212 221 288 67 329 363 467 32 102 360 397 247 286 409 500 93 252 29 383 362 449 392 458 214 231 158 393 80 446 209 478 250 283 265 499 
main: 39 103 150 227 8 88 167 233 12 437 325 443 72 189 278 445 94 270 356 444 63 206 202 462 34 368 412 438 50 174 18 465 89 162 193 211 77 165 114 315 273 385 243 399 280 285 199 471 104 295 224 324 26 35 264 398 234 300 98 327 123 197 200 476 275 318 314 381 402 411 24 442 4 143 147 213 141 351 79 480 11 65 31 236 176 350 97 388 161 237 201 323 124 416 19 481 78 156 215 305 117 367 317 369 374 422 196 455 64 246 181 485 170 208 149 281 60 332 271 450 284 387 421 448 319 372 268 486 194 344 223 477 169 276 272 479 254 357 241 364 17 148 242 489 116 177 6 441 70 222 431 487 37 74 127 153 313 490 168 491 38 335 210 384 119 240 290 396 298 420 238 432 159 244 21 492 291 304 260 361 139 345 115 366 3 439 86 469 375 423 131 495 183 245 28 429 142 299 359 456 179 217 15 433 99 186 216 496 100 144 282 342 105 453 395 472 110 135 90 330 403 419 309 497 48 301 22 334 51 133 349 488 46 68 190 355 228 346 493 498 41 212 221 288 67 329 363 467 32 102 360 397 247 286 409 500 
pend: 120 160 138 171 7 203 292 308 81 340 113 352 30 118 5 407 253 258 61 316 52 390 391 424 25 152 220 307 303 430 459 460 225 337 322 343 155 279 76 435 205 293 146 333 136 379 132 440 40 256 92 257 277 348 87 426 2 184 56 198 188 408 266 451 71 111 9 137 185 263 75 296 53 173 339 414 164 377 16 457 251 289 321 386 248 274 157 428 249 406 353 413 394 447 45 452 43 125 145 262 42 294 376 378 27 122 107 166 33 108 336 482 13 267 358 410 58 128 226 415 259 297 312 425 172 219 331 461 54 106 229 338 151 310 218 401 255 370 195 400 57 434 341 468 306 389 129 418 47 405 239 466 10 91 204 371 82 191 464 484 84 302 354 365 187 326 66 427 96 470 382 473 95 230 175 494 59 73 62 109 130 163 121 436 178 261 83 347 55 417 134 475 1 20 69 140 328 404 36 463 126 269 311 454 23 101 154 474 49 192 182 207 44 373 287 380 180 232 235 320 14 112 85 483 93 252 29 383 362 449 392 458 214 231 158 393 80 446 209 478 
extra: 250 283 265 499 
b_last: 478
insert_pos: 275
b_last: 483
insert_pos: 78
b_last: 474
insert_pos: 104
b_last: 475
insert_pos: 104
b_last: 494
insert_pos: 291
b_last: 484
insert_pos: 78
b_last: 468
insert_pos: 89
b_last: 461
insert_pos: 94
b_last: 482
insert_pos: 49
b_last: 452
insert_pos: 13
b_last: 457
insert_pos: 13
b_last: 451
insert_pos: 251
b_last: 440
insert_pos: 39
b_last: 460
insert_pos: 13
b_last: 407
insert_pos: 225
AFTER: 120 160 138 171 7 203 292 308 81 340 113 352 30 118 5 407 225 337 322 343 155 279 76 435 205 293 146 333 136 379 132 440 39 103 150 227 8 88 167 233 12 437 325 443 72 189 278 445 40 256 92 257 277 348 87 426 2 184 56 198 188 408 266 451 251 289 321 386 248 274 157 428 249 406 353 413 394 447 45 452 71 111 9 137 185 263 75 296 53 173 339 414 164 377 16 457 253 258 61 316 52 390 391 424 25 152 220 307 303 430 459 460 13 267 358 410 58 128 226 415 259 297 312 425 172 219 331 461 94 270 356 444 63 206 202 462 34 368 412 438 50 174 18 465 54 106 229 338 151 310 218 401 255 370 195 400 57 434 341 468 89 162 193 211 77 165 114 315 273 385 243 399 280 285 199 471 1 20 69 140 328 404 36 463 126 269 311 454 23 101 154 474 59 73 62 109 130 163 121 436 178 261 83 347 55 417 134 475 104 295 224 324 26 35 264 398 234 300 98 327 123 197 200 476 93 252 29 383 362 449 392 458 214 231 158 393 80 446 209 478 275 318 314 381 402 411 24 442 4 143 147 213 141 351 79 480 11 65 31 236 176 350 97 388 161 237 201 323 124 416 19 481 43 125 145 262 42 294 376 378 27 122 107 166 33 108 336 482 49 192 182 207 44 373 287 380 180 232 235 320 14 112 85 483 306 389 129 418 47 405 239 466 10 91 204 371 82 191 464 484 78 156 215 305 117 367 317 369 374 422 196 455 64 246 181 485 170 208 149 281 60 332 271 450 284 387 421 448 319 372 268 486 194 344 223 477 169 276 272 479 254 357 241 364 17 148 242 489 116 177 6 441 70 222 431 487 37 74 127 153 313 490 168 491 38 335 210 384 119 240 290 396 298 420 238 432 159 244 21 492 84 302 354 365 187 326 66 427 96 470 382 473 95 230 175 494 291 304 260 361 139 345 115 366 3 439 86 469 375 423 131 495 183 245 28 429 142 299 359 456 179 217 15 433 99 186 216 496 100 144 282 342 105 453 395 472 110 135 90 330 403 419 309 497 48 301 22 334 51 133 349 488 46 68 190 355 228 346 493 498 41 212 221 288 67 329 363 467 32 102 360 397 247 286 409 500 250 283 265 499 

* Recursion level 4:
BEFORE: 120 160 138 171 7 203 292 308 81 340 113 352 30 118 5 407 225 337 322 343 155 279 76 435 205 293 146 333 136 379 132 440 39 103 150 227 8 88 167 233 12 437 325 443 72 189 278 445 40 256 92 257 277 348 87 426 2 184 56 198 188 408 266 451 251 289 321 386 248 274 157 428 249 406 353 413 394 447 45 452 71 111 9 137 185 263 75 296 53 173 339 414 164 377 16 457 253 258 61 316 52 390 391 424 25 152 220 307 303 430 459 460 13 267 358 410 58 128 226 415 259 297 312 425 172 219 331 461 94 270 356 444 63 206 202 462 34 368 412 438 50 174 18 465 54 106 229 338 151 310 218 401 255 370 195 400 57 434 341 468 89 162 193 211 77 165 114 315 273 385 243 399 280 285 199 471 1 20 69 140 328 404 36 463 126 269 311 454 23 101 154 474 59 73 62 109 130 163 121 436 178 261 83 347 55 417 134 475 104 295 224 324 26 35 264 398 234 300 98 327 123 197 200 476 93 252 29 383 362 449 392 458 214 231 158 393 80 446 209 478 275 318 314 381 402 411 24 442 4 143 147 213 141 351 79 480 11 65 31 236 176 350 97 388 161 237 201 323 124 416 19 481 43 125 145 262 42 294 376 378 27 122 107 166 33 108 336 482 49 192 182 207 44 373 287 380 180 232 235 320 14 112 85 483 306 389 129 418 47 405 239 466 10 91 204 371 82 191 464 484 78 156 215 305 117 367 317 369 374 422 196 455 64 246 181 485 170 208 149 281 60 332 271 450 284 387 421 448 319 372 268 486 194 344 223 477 169 276 272 479 254 357 241 364 17 148 242 489 116 177 6 441 70 222 431 487 37 74 127 153 313 490 168 491 38 335 210 384 119 240 290 396 298 420 238 432 159 244 21 492 84 302 354 365 187 326 66 427 96 470 382 473 95 230 175 494 291 304 260 361 139 345 115 366 3 439 86 469 375 423 131 495 183 245 28 429 142 299 359 456 179 217 15 433 99 186 216 496 100 144 282 342 105 453 395 472 110 135 90 330 403 419 309 497 48 301 22 334 51 133 349 488 46 68 190 355 228 346 493 498 41 212 221 288 67 329 363 467 32 102 360 397 247 286 409 500 250 283 265 499 
main: 120 160 138 171 7 203 292 308 81 340 113 352 30 118 5 407 205 293 146 333 136 379 132 440 12 437 325 443 72 189 278 445 2 184 56 198 188 408 266 451 249 406 353 413 394 447 45 452 53 173 339 414 164 377 16 457 25 152 220 307 303 430 459 460 259 297 312 425 172 219 331 461 34 368 412 438 50 174 18 465 255 370 195 400 57 434 341 468 273 385 243 399 280 285 199 471 126 269 311 454 23 101 154 474 178 261 83 347 55 417 134 475 234 300 98 327 123 197 200 476 214 231 158 393 80 446 209 478 4 143 147 213 141 351 79 480 161 237 201 323 124 416 19 481 27 122 107 166 33 108 336 482 180 232 235 320 14 112 85 483 10 91 204 371 82 191 464 484 374 422 196 455 64 246 181 485 284 387 421 448 319 372 268 486 254 357 241 364 17 148 242 489 37 74 127 153 313 490 168 491 298 420 238 432 159 244 21 492 96 470 382 473 95 230 175 494 3 439 86 469 375 423 131 495 179 217 15 433 99 186 216 496 110 135 90 330 403 419 309 497 46 68 190 355 228 346 493 498 32 102 360 397 247 286 409 500 
pend: 225 337 322 343 155 279 76 435 39 103 150 227 8 88 167 233 40 256 92 257 277 348 87 426 251 289 321 386 248 274 157 428 71 111 9 137 185 263 75 296 253 258 61 316 52 390 391 424 13 267 358 410 58 128 226 415 94 270 356 444 63 206 202 462 54 106 229 338 151 310 218 401 89 162 193 211 77 165 114 315 1 20 69 140 328 404 36 463 59 73 62 109 130 163 121 436 104 295 224 324 26 35 264 398 93 252 29 383 362 449 392 458 275 318 314 381 402 411 24 442 11 65 31 236 176 350 97 388 43 125 145 262 42 294 376 378 49 192 182 207 44 373 287 380 306 389 129 418 47 405 239 466 78 156 215 305 117 367 317 369 170 208 149 281 60 332 271 450 194 344 223 477 169 276 272 479 116 177 6 441 70 222 431 487 38 335 210 384 119 240 290 396 84 302 354 365 187 326 66 427 291 304 260 361 139 345 115 366 183 245 28 429 142 299 359 456 100 144 282 342 105 453 395 472 48 301 22 334 51 133 349 488 41 212 221 288 67 329 363 467 
extra: 250 283 265 499 
b_last: 467
insert_pos: 255
b_last: 488
insert_pos: 254
b_last: 472
insert_pos: 126
b_last: 456
insert_pos: 53
b_last: 366
insert_pos: 81
b_last: 427
insert_pos: 205
b_last: 396
insert_pos: 81
b_last: 487
insert_pos: 48
b_last: 479
insert_pos: 4
b_last: 450
insert_pos: 2
b_last: 369
insert_pos: 38
b_last: 466
insert_pos: 41
b_last: 380
insert_pos: 38
b_last: 378
insert_pos: 49
b_last: 388
insert_pos: 38
b_last: 442
insert_pos: 12
b_last: 458
insert_pos: 25
b_last: 398
insert_pos: 81
b_last: 436
insert_pos: 205
b_last: 463
insert_pos: 34
b_last: 315
insert_pos: 291
b_last: 401
insert_pos: 81
b_last: 462
insert_pos: 1
b_last: 415
insert_pos: 84
b_last: 424
insert_pos: 84
b_last: 296
insert_pos: 120
b_last: 428
insert_pos: 59
b_last: 426
insert_pos: 84
b_last: 233
insert_pos: 71
b_last: 435
insert_pos: 59
AFTER: 39 103 150 227 8 88 167 233 71 111 9 137 185 263 75 296 120 160 138 171 7 203 292 308 89 162 193 211 77 165 114 315 291 304 260 361 139 345 115 366 78 156 215 305 117 367 317 369 43 125 145 262 42 294 376 378 49 192 182 207 44 373 287 380 11 65 31 236 176 350 97 388 38 335 210 384 119 240 290 396 104 295 224 324 26 35 264 398 54 106 229 338 151 310 218 401 81 340 113 352 30 118 5 407 13 267 358 410 58 128 226 415 253 258 61 316 52 390 391 424 40 256 92 257 277 348 87 426 84 302 354 365 187 326 66 427 251 289 321 386 248 274 157 428 225 337 322 343 155 279 76 435 59 73 62 109 130 163 121 436 205 293 146 333 136 379 132 440 275 318 314 381 402 411 24 442 12 437 325 443 72 189 278 445 170 208 149 281 60 332 271 450 2 184 56 198 188 408 266 451 249 406 353 413 394 447 45 452 183 245 28 429 142 299 359 456 53 173 339 414 164 377 16 457 93 252 29 383 362 449 392 458 25 152 220 307 303 430 459 460 259 297 312 425 172 219 331 461 94 270 356 444 63 206 202 462 1 20 69 140 328 404 36 463 34 368 412 438 50 174 18 465 306 389 129 418 47 405 239 466 41 212 221 288 67 329 363 467 255 370 195 400 57 434 341 468 273 385 243 399 280 285 199 471 100 144 282 342 105 453 395 472 126 269 311 454 23 101 154 474 178 261 83 347 55 417 134 475 234 300 98 327 123 197 200 476 214 231 158 393 80 446 209 478 194 344 223 477 169 276 272 479 4 143 147 213 141 351 79 480 161 237 201 323 124 416 19 481 27 122 107 166 33 108 336 482 180 232 235 320 14 112 85 483 10 91 204 371 82 191 464 484 374 422 196 455 64 246 181 485 284 387 421 448 319 372 268 486 116 177 6 441 70 222 431 487 48 301 22 334 51 133 349 488 254 357 241 364 17 148 242 489 37 74 127 153 313 490 168 491 298 420 238 432 159 244 21 492 96 470 382 473 95 230 175 494 3 439 86 469 375 423 131 495 179 217 15 433 99 186 216 496 110 135 90 330 403 419 309 497 46 68 190 355 228 346 493 498 32 102 360 397 247 286 409 500 250 283 265 499 

* Recursion level 3:
BEFORE: 39 103 150 227 8 88 167 233 71 111 9 137 185 263 75 296 120 160 138 171 7 203 292 308 89 162 193 211 77 165 114 315 291 304 260 361 139 345 115 366 78 156 215 305 117 367 317 369 43 125 145 262 42 294 376 378 49 192 182 207 44 373 287 380 11 65 31 236 176 350 97 388 38 335 210 384 119 240 290 396 104 295 224 324 26 35 264 398 54 106 229 338 151 310 218 401 81 340 113 352 30 118 5 407 13 267 358 410 58 128 226 415 253 258 61 316 52 390 391 424 40 256 92 257 277 348 87 426 84 302 354 365 187 326 66 427 251 289 321 386 248 274 157 428 225 337 322 343 155 279 76 435 59 73 62 109 130 163 121 436 205 293 146 333 136 379 132 440 275 318 314 381 402 411 24 442 12 437 325 443 72 189 278 445 170 208 149 281 60 332 271 450 2 184 56 198 188 408 266 451 249 406 353 413 394 447 45 452 183 245 28 429 142 299 359 456 53 173 339 414 164 377 16 457 93 252 29 383 362 449 392 458 25 152 220 307 303 430 459 460 259 297 312 425 172 219 331 461 94 270 356 444 63 206 202 462 1 20 69 140 328 404 36 463 34 368 412 438 50 174 18 465 306 389 129 418 47 405 239 466 41 212 221 288 67 329 363 467 255 370 195 400 57 434 341 468 273 385 243 399 280 285 199 471 100 144 282 342 105 453 395 472 126 269 311 454 23 101 154 474 178 261 83 347 55 417 134 475 234 300 98 327 123 197 200 476 214 231 158 393 80 446 209 478 194 344 223 477 169 276 272 479 4 143 147 213 141 351 79 480 161 237 201 323 124 416 19 481 27 122 107 166 33 108 336 482 180 232 235 320 14 112 85 483 10 91 204 371 82 191 464 484 374 422 196 455 64 246 181 485 284 387 421 448 319 372 268 486 116 177 6 441 70 222 431 487 48 301 22 334 51 133 349 488 254 357 241 364 17 148 242 489 37 74 127 153 313 490 168 491 298 420 238 432 159 244 21 492 96 470 382 473 95 230 175 494 3 439 86 469 375 423 131 495 179 217 15 433 99 186 216 496 110 135 90 330 403 419 309 497 46 68 190 355 228 346 493 498 32 102 360 397 247 286 409 500 250 283 265 499 
main: 39 103 150 227 8 88 167 233 185 263 75 296 7 203 292 308 77 165 114 315 139 345 115 366 117 367 317 369 42 294 376 378 44 373 287 380 176 350 97 388 119 240 290 396 26 35 264 398 151 310 218 401 30 118 5 407 58 128 226 415 52 390 391 424 277 348 87 426 187 326 66 427 248 274 157 428 155 279 76 435 130 163 121 436 136 379 132 440 402 411 24 442 72 189 278 445 60 332 271 450 188 408 266 451 394 447 45 452 142 299 359 456 164 377 16 457 362 449 392 458 303 430 459 460 172 219 331 461 63 206 202 462 328 404 36 463 50 174 18 465 47 405 239 466 67 329 363 467 57 434 341 468 280 285 199 471 105 453 395 472 23 101 154 474 55 417 134 475 123 197 200 476 80 446 209 478 169 276 272 479 141 351 79 480 124 416 19 481 33 108 336 482 14 112 85 483 82 191 464 484 64 246 181 485 319 372 268 486 70 222 431 487 51 133 349 488 17 148 242 489 313 490 168 491 159 244 21 492 95 230 175 494 375 423 131 495 99 186 216 496 403 419 309 497 228 346 493 498 247 286 409 500 
pend: 71 111 9 137 120 160 138 171 89 162 193 211 291 304 260 361 78 156 215 305 43 125 145 262 49 192 182 207 11 65 31 236 38 335 210 384 104 295 224 324 54 106 229 338 81 340 113 352 13 267 358 410 253 258 61 316 40 256 92 257 84 302 354 365 251 289 321 386 225 337 322 343 59 73 62 109 205 293 146 333 275 318 314 381 12 437 325 443 170 208 149 281 2 184 56 198 249 406 353 413 183 245 28 429 53 173 339 414 93 252 29 383 25 152 220 307 259 297 312 425 94 270 356 444 1 20 69 140 34 368 412 438 306 389 129 418 41 212 221 288 255 370 195 400 273 385 243 399 100 144 282 342 126 269 311 454 178 261 83 347 234 300 98 327 214 231 158 393 194 344 223 477 4 143 147 213 161 237 201 323 27 122 107 166 180 232 235 320 10 91 204 371 374 422 196 455 284 387 421 448 116 177 6 441 48 301 22 334 254 357 241 364 37 74 127 153 298 420 238 432 96 470 382 473 3 439 86 469 179 217 15 433 110 135 90 330 46 68 190 355 32 102 360 397 250 283 265 499 
extra: 
b_last: 499
insert_pos: 247
b_last: 397
insert_pos: 26
b_last: 355
insert_pos: 139
b_last: 330
insert_pos: 46
b_last: 433
insert_pos: 155
b_last: 469
insert_pos: 280
b_last: 473
insert_pos: 23
b_last: 432
insert_pos: 179
b_last: 153
insert_pos: 39
b_last: 364
insert_pos: 139
b_last: 334
insert_pos: 46
b_last: 441
insert_pos: 402
b_last: 448
insert_pos: 60
b_last: 455
insert_pos: 142
b_last: 371
insert_pos: 42
b_last: 320
insert_pos: 110
b_last: 166
insert_pos: 39
b_last: 323
insert_pos: 110
b_last: 213
insert_pos: 39
b_last: 477
insert_pos: 80
b_last: 393
insert_pos: 119
b_last: 327
insert_pos: 110
b_last: 347
insert_pos: 46
b_last: 454
insert_pos: 374
b_last: 342
insert_pos: 178
b_last: 399
insert_pos: 151
b_last: 400
insert_pos: 151
b_last: 288
insert_pos: 185
b_last: 418
insert_pos: 52
b_last: 438
insert_pos: 136
b_last: 140
insert_pos: 37
b_last: 444
insert_pos: 72
b_last: 425
insert_pos: 277
b_last: 307
insert_pos: 7
b_last: 383
insert_pos: 176
b_last: 414
insert_pos: 58
b_last: 429
insert_pos: 298
b_last: 413
insert_pos: 53
b_last: 198
insert_pos: 4
b_last: 281
insert_pos: 41
b_last: 443
insert_pos: 94
b_last: 381
insert_pos: 93
b_last: 333
insert_pos: 48
b_last: 109
insert_pos: 1
b_last: 343
insert_pos: 178
b_last: 386
insert_pos: 176
b_last: 365
insert_pos: 139
b_last: 257
insert_pos: 170
b_last: 316
insert_pos: 180
b_last: 410
insert_pos: 249
b_last: 352
insert_pos: 46
b_last: 338
insert_pos: 100
b_last: 324
insert_pos: 234
b_last: 384
insert_pos: 251
b_last: 236
insert_pos: 40
b_last: 207
insert_pos: 4
b_last: 262
insert_pos: 170
b_last: 305
insert_pos: 25
b_last: 361
insert_pos: 254
b_last: 211
insert_pos: 4
b_last: 171
insert_pos: 2
b_last: 137
insert_pos: 1
AFTER: 59 73 62 109 71 111 9 137 1 20 69 140 37 74 127 153 27 122 107 166 120 160 138 171 2 184 56 198 49 192 182 207 89 162 193 211 4 143 147 213 39 103 150 227 8 88 167 233 11 65 31 236 40 256 92 257 43 125 145 262 170 208 149 281 41 212 221 288 185 263 75 296 78 156 215 305 25 152 220 307 7 203 292 308 77 165 114 315 253 258 61 316 180 232 235 320 161 237 201 323 104 295 224 324 234 300 98 327 110 135 90 330 205 293 146 333 48 301 22 334 54 106 229 338 100 144 282 342 225 337 322 343 178 261 83 347 81 340 113 352 46 68 190 355 291 304 260 361 254 357 241 364 84 302 354 365 139 345 115 366 117 367 317 369 10 91 204 371 42 294 376 378 44 373 287 380 275 318 314 381 93 252 29 383 38 335 210 384 251 289 321 386 176 350 97 388 214 231 158 393 119 240 290 396 32 102 360 397 26 35 264 398 273 385 243 399 255 370 195 400 151 310 218 401 30 118 5 407 13 267 358 410 249 406 353 413 53 173 339 414 58 128 226 415 306 389 129 418 52 390 391 424 259 297 312 425 277 348 87 426 187 326 66 427 248 274 157 428 183 245 28 429 298 420 238 432 179 217 15 433 155 279 76 435 130 163 121 436 34 368 412 438 136 379 132 440 116 177 6 441 402 411 24 442 12 437 325 443 94 270 356 444 72 189 278 445 284 387 421 448 60 332 271 450 188 408 266 451 394 447 45 452 126 269 311 454 374 422 196 455 142 299 359 456 164 377 16 457 362 449 392 458 303 430 459 460 172 219 331 461 63 206 202 462 328 404 36 463 50 174 18 465 47 405 239 466 67 329 363 467 57 434 341 468 3 439 86 469 280 285 199 471 105 453 395 472 96 470 382 473 23 101 154 474 55 417 134 475 123 197 200 476 194 344 223 477 80 446 209 478 169 276 272 479 141 351 79 480 124 416 19 481 33 108 336 482 14 112 85 483 82 191 464 484 64 246 181 485 319 372 268 486 70 222 431 487 51 133 349 488 17 148 242 489 313 490 168 491 159 244 21 492 95 230 175 494 375 423 131 495 99 186 216 496 403 419 309 497 228 346 493 498 250 283 265 499 247 286 409 500 

* Recursion level 2:
BEFORE: 59 73 62 109 71 111 9 137 1 20 69 140 37 74 127 153 27 122 107 166 120 160 138 171 2 184 56 198 49 192 182 207 89 162 193 211 4 143 147 213 39 103 150 227 8 88 167 233 11 65 31 236 40 256 92 257 43 125 145 262 170 208 149 281 41 212 221 288 185 263 75 296 78 156 215 305 25 152 220 307 7 203 292 308 77 165 114 315 253 258 61 316 180 232 235 320 161 237 201 323 104 295 224 324 234 300 98 327 110 135 90 330 205 293 146 333 48 301 22 334 54 106 229 338 100 144 282 342 225 337 322 343 178 261 83 347 81 340 113 352 46 68 190 355 291 304 260 361 254 357 241 364 84 302 354 365 139 345 115 366 117 367 317 369 10 91 204 371 42 294 376 378 44 373 287 380 275 318 314 381 93 252 29 383 38 335 210 384 251 289 321 386 176 350 97 388 214 231 158 393 119 240 290 396 32 102 360 397 26 35 264 398 273 385 243 399 255 370 195 400 151 310 218 401 30 118 5 407 13 267 358 410 249 406 353 413 53 173 339 414 58 128 226 415 306 389 129 418 52 390 391 424 259 297 312 425 277 348 87 426 187 326 66 427 248 274 157 428 183 245 28 429 298 420 238 432 179 217 15 433 155 279 76 435 130 163 121 436 34 368 412 438 136 379 132 440 116 177 6 441 402 411 24 442 12 437 325 443 94 270 356 444 72 189 278 445 284 387 421 448 60 332 271 450 188 408 266 451 394 447 45 452 126 269 311 454 374 422 196 455 142 299 359 456 164 377 16 457 362 449 392 458 303 430 459 460 172 219 331 461 63 206 202 462 328 404 36 463 50 174 18 465 47 405 239 466 67 329 363 467 57 434 341 468 3 439 86 469 280 285 199 471 105 453 395 472 96 470 382 473 23 101 154 474 55 417 134 475 123 197 200 476 194 344 223 477 80 446 209 478 169 276 272 479 141 351 79 480 124 416 19 481 33 108 336 482 14 112 85 483 82 191 464 484 64 246 181 485 319 372 268 486 70 222 431 487 51 133 349 488 17 148 242 489 313 490 168 491 159 244 21 492 95 230 175 494 375 423 131 495 99 186 216 496 403 419 309 497 228 346 493 498 250 283 265 499 247 286 409 500 
main: 59 73 62 109 9 137 69 140 127 153 107 166 138 171 56 198 182 207 193 211 147 213 150 227 167 233 31 236 92 257 145 262 149 281 221 288 75 296 215 305 220 307 292 308 114 315 61 316 235 320 201 323 224 324 98 327 90 330 146 333 22 334 229 338 282 342 322 343 83 347 113 352 190 355 260 361 241 364 354 365 115 366 317 369 204 371 376 378 287 380 314 381 29 383 210 384 321 386 97 388 158 393 290 396 360 397 264 398 243 399 195 400 218 401 5 407 358 410 353 413 339 414 226 415 129 418 391 424 312 425 87 426 66 427 157 428 28 429 238 432 15 433 76 435 121 436 412 438 132 440 6 441 24 442 325 443 356 444 278 445 421 448 271 450 266 451 45 452 311 454 196 455 359 456 16 457 392 458 459 460 331 461 202 462 36 463 18 465 239 466 363 467 341 468 86 469 199 471 395 472 382 473 154 474 134 475 200 476 223 477 209 478 272 479 79 480 19 481 336 482 85 483 464 484 181 485 268 486 431 487 349 488 242 489 168 491 21 492 175 494 131 495 216 496 309 497 493 498 265 499 409 500 
pend: 71 111 1 20 37 74 27 122 120 160 2 184 49 192 89 162 4 143 39 103 8 88 11 65 40 256 43 125 170 208 41 212 185 263 78 156 25 152 7 203 77 165 253 258 180 232 161 237 104 295 234 300 110 135 205 293 48 301 54 106 100 144 225 337 178 261 81 340 46 68 291 304 254 357 84 302 139 345 117 367 10 91 42 294 44 373 275 318 93 252 38 335 251 289 176 350 214 231 119 240 32 102 26 35 273 385 255 370 151 310 30 118 13 267 249 406 53 173 58 128 306 389 52 390 259 297 277 348 187 326 248 274 183 245 298 420 179 217 155 279 130 163 34 368 136 379 116 177 402 411 12 437 94 270 72 189 284 387 60 332 188 408 394 447 126 269 374 422 142 299 164 377 362 449 303 430 172 219 63 206 328 404 50 174 47 405 67 329 57 434 3 439 280 285 105 453 96 470 23 101 55 417 123 197 194 344 80 446 169 276 141 351 124 416 33 108 14 112 82 191 64 246 319 372 70 222 51 133 17 148 313 490 159 244 95 230 375 423 99 186 403 419 228 346 250 283 247 286 
extra: 
b_last: 286
insert_pos: 221
b_last: 283
insert_pos: 247
b_last: 346
insert_pos: 83
b_last: 419
insert_pos: 391
b_last: 186
insert_pos: 56
b_last: 423
insert_pos: 391
b_last: 230
insert_pos: 167
b_last: 244
insert_pos: 92
b_last: 490
insert_pos: 168
b_last: 148
insert_pos: 127
b_last: 133
insert_pos: 9
b_last: 222
insert_pos: 150
b_last: 372
insert_pos: 376
b_last: 246
insert_pos: 92
b_last: 191
insert_pos: 56
b_last: 112
insert_pos: 51
b_last: 108
insert_pos: 62
b_last: 416
insert_pos: 129
b_last: 351
insert_pos: 113
b_last: 276
insert_pos: 149
b_last: 446
insert_pos: 421
b_last: 344
insert_pos: 228
b_last: 197
insert_pos: 56
b_last: 417
insert_pos: 129
b_last: 101
insert_pos: 33
b_last: 470
insert_pos: 199
b_last: 453
insert_pos: 311
b_last: 285
insert_pos: 247
b_last: 439
insert_pos: 132
b_last: 434
insert_pos: 76
b_last: 329
insert_pos: 90
b_last: 405
insert_pos: 5
b_last: 174
insert_pos: 99
b_last: 404
insert_pos: 47
b_last: 206
insert_pos: 182
b_last: 219
insert_pos: 70
b_last: 430
insert_pos: 238
b_last: 449
insert_pos: 271
b_last: 377
insert_pos: 376
b_last: 299
insert_pos: 215
b_last: 422
insert_pos: 375
b_last: 269
insert_pos: 169
b_last: 447
insert_pos: 421
b_last: 408
insert_pos: 358
b_last: 332
insert_pos: 146
b_last: 387
insert_pos: 97
b_last: 189
insert_pos: 82
b_last: 270
insert_pos: 169
b_last: 437
insert_pos: 412
b_last: 411
insert_pos: 353
b_last: 177
insert_pos: 99
b_last: 379
insert_pos: 287
b_last: 368
insert_pos: 317
b_last: 163
insert_pos: 107
b_last: 279
insert_pos: 149
b_last: 217
insert_pos: 172
b_last: 420
insert_pos: 374
b_last: 245
insert_pos: 64
b_last: 274
insert_pos: 169
b_last: 326
insert_pos: 98
b_last: 348
insert_pos: 141
b_last: 297
insert_pos: 142
b_last: 390
insert_pos: 158
b_last: 389
insert_pos: 52
b_last: 128
insert_pos: 51
b_last: 173
insert_pos: 50
b_last: 406
insert_pos: 5
b_last: 267
insert_pos: 126
b_last: 118
insert_pos: 58
b_last: 310
insert_pos: 114
b_last: 370
insert_pos: 204
b_last: 385
insert_pos: 321
b_last: 35
insert_pos: 59
b_last: 102
insert_pos: 33
b_last: 240
insert_pos: 159
b_last: 231
insert_pos: 167
b_last: 350
insert_pos: 141
b_last: 289
insert_pos: 75
b_last: 335
insert_pos: 229
b_last: 252
insert_pos: 92
b_last: 318
insert_pos: 235
b_last: 373
insert_pos: 164
b_last: 294
insert_pos: 75
b_last: 91
insert_pos: 23
b_last: 367
insert_pos: 34
b_last: 345
insert_pos: 228
b_last: 302
insert_pos: 215
b_last: 357
insert_pos: 260
b_last: 304
insert_pos: 215
b_last: 68
insert_pos: 59
b_last: 340
insert_pos: 282
b_last: 261
insert_pos: 145
b_last: 337
insert_pos: 229
b_last: 144
insert_pos: 17
b_last: 106
insert_pos: 33
b_last: 301
insert_pos: 84
b_last: 293
insert_pos: 42
b_last: 135
insert_pos: 9
b_last: 300
insert_pos: 48
b_last: 295
insert_pos: 75
b_last: 237
insert_pos: 119
b_last: 232
insert_pos: 167
b_last: 258
insert_pos: 178
b_last: 165
insert_pos: 107
b_last: 203
insert_pos: 63
b_last: 152
insert_pos: 127
b_last: 156
insert_pos: 130
b_last: 263
insert_pos: 13
b_last: 212
insert_pos: 147
b_last: 208
insert_pos: 193
b_last: 125
insert_pos: 58
b_last: 256
insert_pos: 92
b_last: 65
insert_pos: 46
b_last: 88
insert_pos: 10
b_last: 103
insert_pos: 54
b_last: 143
insert_pos: 100
b_last: 162
insert_pos: 130
b_last: 192
insert_pos: 123
b_last: 184
insert_pos: 99
b_last: 160
insert_pos: 89
b_last: 122
insert_pos: 43
b_last: 74
insert_pos: 8
b_last: 20
insert_pos: 26
b_last: 111
insert_pos: 14
AFTER: 1 20 26 35 11 65 46 68 59 73 37 74 8 88 10 91 23 101 32 102 39 103 54 106 33 108 62 109 71 111 14 112 30 118 27 122 43 125 58 128 51 133 110 135 9 137 69 140 4 143 100 144 17 148 25 152 127 153 78 156 120 160 89 162 130 163 77 165 107 166 138 171 53 173 50 174 116 177 2 184 99 186 72 189 82 191 49 192 123 197 56 198 7 203 63 206 182 207 170 208 193 211 41 212 147 213 179 217 172 219 70 222 150 227 95 230 214 231 180 232 167 233 31 236 161 237 119 240 159 244 183 245 64 246 93 252 40 256 92 257 253 258 178 261 145 262 185 263 13 267 126 269 94 270 248 274 169 276 155 279 149 281 250 283 280 285 247 286 221 288 251 289 205 293 42 294 104 295 75 296 259 297 142 299 234 300 48 301 84 302 291 304 215 305 220 307 292 308 151 310 114 315 61 316 275 318 235 320 201 323 224 324 187 326 98 327 67 329 90 330 60 332 146 333 22 334 38 335 225 337 229 338 81 340 282 342 322 343 194 344 139 345 228 346 83 347 277 348 176 350 141 351 113 352 190 355 254 357 260 361 241 364 354 365 115 366 117 367 34 368 317 369 255 370 204 371 319 372 44 373 164 377 376 378 136 379 287 380 314 381 29 383 210 384 273 385 321 386 284 387 97 388 306 389 52 390 158 393 290 396 360 397 264 398 243 399 195 400 218 401 328 404 47 405 249 406 5 407 188 408 358 410 402 411 353 413 339 414 226 415 124 416 55 417 129 418 403 419 298 420 374 422 375 423 391 424 312 425 87 426 66 427 157 428 28 429 303 430 238 432 15 433 57 434 76 435 121 436 12 437 412 438 3 439 132 440 6 441 24 442 325 443 356 444 278 445 80 446 394 447 421 448 362 449 271 450 266 451 45 452 105 453 311 454 196 455 359 456 16 457 392 458 459 460 331 461 202 462 36 463 18 465 239 466 363 467 341 468 86 469 96 470 199 471 395 472 382 473 154 474 134 475 200 476 223 477 209 478 272 479 79 480 19 481 336 482 85 483 464 484 181 485 268 486 431 487 349 488 242 489 313 490 168 491 21 492 175 494 131 495 216 496 309 497 493 498 265 499 409 500 

* Recursion level 1:
BEFORE: 1 20 26 35 11 65 46 68 59 73 37 74 8 88 10 91 23 101 32 102 39 103 54 106 33 108 62 109 71 111 14 112 30 118 27 122 43 125 58 128 51 133 110 135 9 137 69 140 4 143 100 144 17 148 25 152 127 153 78 156 120 160 89 162 130 163 77 165 107 166 138 171 53 173 50 174 116 177 2 184 99 186 72 189 82 191 49 192 123 197 56 198 7 203 63 206 182 207 170 208 193 211 41 212 147 213 179 217 172 219 70 222 150 227 95 230 214 231 180 232 167 233 31 236 161 237 119 240 159 244 183 245 64 246 93 252 40 256 92 257 253 258 178 261 145 262 185 263 13 267 126 269 94 270 248 274 169 276 155 279 149 281 250 283 280 285 247 286 221 288 251 289 205 293 42 294 104 295 75 296 259 297 142 299 234 300 48 301 84 302 291 304 215 305 220 307 292 308 151 310 114 315 61 316 275 318 235 320 201 323 224 324 187 326 98 327 67 329 90 330 60 332 146 333 22 334 38 335 225 337 229 338 81 340 282 342 322 343 194 344 139 345 228 346 83 347 277 348 176 350 141 351 113 352 190 355 254 357 260 361 241 364 354 365 115 366 117 367 34 368 317 369 255 370 204 371 319 372 44 373 164 377 376 378 136 379 287 380 314 381 29 383 210 384 273 385 321 386 284 387 97 388 306 389 52 390 158 393 290 396 360 397 264 398 243 399 195 400 218 401 328 404 47 405 249 406 5 407 188 408 358 410 402 411 353 413 339 414 226 415 124 416 55 417 129 418 403 419 298 420 374 422 375 423 391 424 312 425 87 426 66 427 157 428 28 429 303 430 238 432 15 433 57 434 76 435 121 436 12 437 412 438 3 439 132 440 6 441 24 442 325 443 356 444 278 445 80 446 394 447 421 448 362 449 271 450 266 451 45 452 105 453 311 454 196 455 359 456 16 457 392 458 459 460 331 461 202 462 36 463 18 465 239 466 363 467 341 468 86 469 96 470 199 471 395 472 382 473 154 474 134 475 200 476 223 477 209 478 272 479 79 480 19 481 336 482 85 483 464 484 181 485 268 486 431 487 349 488 242 489 313 490 168 491 21 492 175 494 131 495 216 496 309 497 493 498 265 499 409 500 
main: 1 20 35 65 68 73 74 88 91 101 102 103 106 108 109 111 112 118 122 125 128 133 135 137 140 143 144 148 152 153 156 160 162 163 165 166 171 173 174 177 184 186 189 191 192 197 198 203 206 207 208 211 212 213 217 219 222 227 230 231 232 233 236 237 240 244 245 246 252 256 257 258 261 262 263 267 269 270 274 276 279 281 283 285 286 288 289 293 294 295 296 297 299 300 301 302 304 305 307 308 310 315 316 318 320 323 324 326 327 329 330 332 333 334 335 337 338 340 342 343 344 345 346 347 348 350 351 352 355 357 361 364 365 366 367 368 369 370 371 372 373 377 378 379 380 381 383 384 385 386 387 388 389 390 393 396 397 398 399 400 401 404 405 406 407 408 410 411 413 414 415 416 417 418 419 420 422 423 424 425 426 427 428 429 430 432 433 434 435 436 437 438 439 440 441 442 443 444 445 446 447 448 449 450 451 452 453 454 455 456 457 458 460 461 462 463 465 466 467 468 469 470 471 472 473 474 475 476 477 478 479 480 481 482 483 484 485 486 487 488 489 490 491 492 494 495 496 497 498 499 500 
pend: 26 11 46 59 37 8 10 23 32 39 54 33 62 71 14 30 27 43 58 51 110 9 69 4 100 17 25 127 78 120 89 130 77 107 138 53 50 116 2 99 72 82 49 123 56 7 63 182 170 193 41 147 179 172 70 150 95 214 180 167 31 161 119 159 183 64 93 40 92 253 178 145 185 13 126 94 248 169 155 149 250 280 247 221 251 205 42 104 75 259 142 234 48 84 291 215 220 292 151 114 61 275 235 201 224 187 98 67 90 60 146 22 38 225 229 81 282 322 194 139 228 83 277 176 141 113 190 254 260 241 354 115 117 34 317 255 204 319 44 164 376 136 287 314 29 210 273 321 284 97 306 52 158 290 360 264 243 195 218 328 47 249 5 188 358 402 353 339 226 124 55 129 403 298 374 375 391 312 87 66 157 28 303 238 15 57 76 121 12 412 3 132 6 24 325 356 278 80 394 421 362 271 266 45 105 311 196 359 16 392 459 331 202 36 18 239 363 341 86 96 199 395 382 154 134 200 223 209 272 79 19 336 85 464 181 268 431 349 242 313 168 21 175 131 216 309 493 265 409 
extra: 
b_last: 409
insert_pos: 410
b_last: 265
insert_pos: 267
b_last: 493
insert_pos: 494
b_last: 309
insert_pos: 310
b_last: 216
insert_pos: 217
b_last: 131
insert_pos: 133
b_last: 175
insert_pos: 177
b_last: 21
insert_pos: 35
b_last: 168
insert_pos: 171
b_last: 313
insert_pos: 315
b_last: 242
insert_pos: 244
b_last: 349
insert_pos: 350
b_last: 431
insert_pos: 432
b_last: 268
insert_pos: 269
b_last: 181
insert_pos: 184
b_last: 464
insert_pos: 465
b_last: 85
insert_pos: 88
b_last: 336
insert_pos: 337
b_last: 19
insert_pos: 20
b_last: 79
insert_pos: 85
b_last: 272
insert_pos: 274
b_last: 209
insert_pos: 211
b_last: 223
insert_pos: 227
b_last: 200
insert_pos: 203
b_last: 134
insert_pos: 135
b_last: 154
insert_pos: 156
b_last: 382
insert_pos: 383
b_last: 395
insert_pos: 396
b_last: 199
insert_pos: 200
b_last: 96
insert_pos: 101
b_last: 86
insert_pos: 88
b_last: 341
insert_pos: 342
b_last: 363
insert_pos: 364
b_last: 239
insert_pos: 240
b_last: 18
insert_pos: 19
b_last: 36
insert_pos: 65
b_last: 202
insert_pos: 203
b_last: 331
insert_pos: 332
b_last: 459
insert_pos: 460
b_last: 392
insert_pos: 393
b_last: 16
insert_pos: 18
b_last: 359
insert_pos: 361
b_last: 196
insert_pos: 197
b_last: 311
insert_pos: 313
b_last: 105
insert_pos: 106
b_last: 45
insert_pos: 65
b_last: 266
insert_pos: 267
b_last: 271
insert_pos: 272
b_last: 362
insert_pos: 363
b_last: 421
insert_pos: 422
b_last: 394
insert_pos: 395
b_last: 80
insert_pos: 85
b_last: 278
insert_pos: 279
b_last: 356
insert_pos: 357
b_last: 325
insert_pos: 326
b_last: 24
insert_pos: 35
b_last: 6
insert_pos: 16
b_last: 132
insert_pos: 133
b_last: 3
insert_pos: 6
b_last: 412
insert_pos: 413
b_last: 12
insert_pos: 16
b_last: 121
insert_pos: 122
b_last: 76
insert_pos: 79
b_last: 57
insert_pos: 65
b_last: 15
insert_pos: 16
b_last: 238
insert_pos: 239
b_last: 303
insert_pos: 304
b_last: 28
insert_pos: 35
b_last: 157
insert_pos: 160
b_last: 66
insert_pos: 68
b_last: 87
insert_pos: 88
b_last: 312
insert_pos: 313
b_last: 391
insert_pos: 392
b_last: 375
insert_pos: 377
b_last: 374
insert_pos: 375
b_last: 298
insert_pos: 299
b_last: 403
insert_pos: 404
b_last: 129
insert_pos: 131
b_last: 55
insert_pos: 57
b_last: 124
insert_pos: 125
b_last: 226
insert_pos: 227
b_last: 339
insert_pos: 340
b_last: 353
insert_pos: 355
b_last: 402
insert_pos: 403
b_last: 358
insert_pos: 359
b_last: 188
insert_pos: 189
b_last: 5
insert_pos: 6
b_last: 249
insert_pos: 252
b_last: 47
insert_pos: 55
b_last: 328
insert_pos: 329
b_last: 218
insert_pos: 219
b_last: 195
insert_pos: 196
b_last: 243
insert_pos: 244
b_last: 264
insert_pos: 265
b_last: 360
insert_pos: 361
b_last: 290
insert_pos: 293
b_last: 158
insert_pos: 160
b_last: 52
insert_pos: 55
b_last: 306
insert_pos: 307
b_last: 97
insert_pos: 101
b_last: 284
insert_pos: 285
b_last: 321
insert_pos: 323
b_last: 273
insert_pos: 274
b_last: 210
insert_pos: 211
b_last: 29
insert_pos: 35
b_last: 314
insert_pos: 315
b_last: 287
insert_pos: 288
b_last: 136
insert_pos: 137
b_last: 376
insert_pos: 377
b_last: 164
insert_pos: 165
b_last: 44
insert_pos: 45
b_last: 319
insert_pos: 320
b_last: 204
insert_pos: 206
b_last: 255
insert_pos: 256
b_last: 317
insert_pos: 318
b_last: 34
insert_pos: 35
b_last: 117
insert_pos: 118
b_last: 115
insert_pos: 117
b_last: 354
insert_pos: 355
b_last: 241
insert_pos: 242
b_last: 260
insert_pos: 261
b_last: 254
insert_pos: 255
b_last: 190
insert_pos: 191
b_last: 113
insert_pos: 115
b_last: 141
insert_pos: 143
b_last: 176
insert_pos: 177
b_last: 277
insert_pos: 278
b_last: 83
insert_pos: 85
b_last: 228
insert_pos: 230
b_last: 139
insert_pos: 140
b_last: 194
insert_pos: 195
b_last: 322
insert_pos: 323
b_last: 282
insert_pos: 283
b_last: 81
insert_pos: 83
b_last: 229
insert_pos: 230
b_last: 225
insert_pos: 226
b_last: 38
insert_pos: 44
b_last: 22
insert_pos: 24
b_last: 146
insert_pos: 148
b_last: 60
insert_pos: 65
b_last: 90
insert_pos: 91
b_last: 67
insert_pos: 68
b_last: 98
insert_pos: 101
b_last: 187
insert_pos: 188
b_last: 224
insert_pos: 225
b_last: 201
insert_pos: 202
b_last: 235
insert_pos: 236
b_last: 275
insert_pos: 276
b_last: 61
insert_pos: 65
b_last: 114
insert_pos: 115
b_last: 151
insert_pos: 152
b_last: 292
insert_pos: 293
b_last: 220
insert_pos: 222
b_last: 215
insert_pos: 216
b_last: 291
insert_pos: 292
b_last: 84
insert_pos: 85
b_last: 48
insert_pos: 52
b_last: 234
insert_pos: 235
b_last: 142
insert_pos: 143
b_last: 259
insert_pos: 260
b_last: 75
insert_pos: 76
b_last: 104
insert_pos: 105
b_last: 42
insert_pos: 44
b_last: 205
insert_pos: 206
b_last: 251
insert_pos: 252
b_last: 221
insert_pos: 222
b_last: 247
insert_pos: 249
b_last: 280
insert_pos: 281
b_last: 250
insert_pos: 251
b_last: 149
insert_pos: 151
b_last: 155
insert_pos: 156
b_last: 169
insert_pos: 171
b_last: 248
insert_pos: 249
b_last: 94
insert_pos: 96
b_last: 126
insert_pos: 128
b_last: 13
insert_pos: 15
b_last: 185
insert_pos: 186
b_last: 145
insert_pos: 146
b_last: 178
insert_pos: 181
b_last: 253
insert_pos: 254
b_last: 92
insert_pos: 94
b_last: 40
insert_pos: 42
b_last: 93
insert_pos: 94
b_last: 64
insert_pos: 65
b_last: 183
insert_pos: 184
b_last: 159
insert_pos: 160
b_last: 119
insert_pos: 121
b_last: 161
insert_pos: 162
b_last: 31
insert_pos: 34
b_last: 167
insert_pos: 168
b_last: 180
insert_pos: 181
b_last: 214
insert_pos: 215
b_last: 95
insert_pos: 96
b_last: 150
insert_pos: 151
b_last: 70
insert_pos: 73
b_last: 172
insert_pos: 173
b_last: 179
insert_pos: 180
b_last: 147
insert_pos: 148
b_last: 41
insert_pos: 42
b_last: 193
insert_pos: 194
b_last: 170
insert_pos: 171
b_last: 182
insert_pos: 183
b_last: 63
insert_pos: 64
b_last: 7
insert_pos: 12
b_last: 56
insert_pos: 57
b_last: 123
insert_pos: 124
b_last: 49
insert_pos: 52
b_last: 82
insert_pos: 83
b_last: 72
insert_pos: 73
b_last: 99
insert_pos: 101
b_last: 2
insert_pos: 3
b_last: 116
insert_pos: 117
b_last: 50
insert_pos: 52
b_last: 53
insert_pos: 55
b_last: 138
insert_pos: 139
b_last: 107
insert_pos: 108
b_last: 77
insert_pos: 79
b_last: 130
insert_pos: 131
b_last: 89
insert_pos: 90
b_last: 120
insert_pos: 121
b_last: 78
insert_pos: 79
b_last: 127
insert_pos: 128
b_last: 25
insert_pos: 28
b_last: 17
insert_pos: 18
b_last: 100
insert_pos: 101
b_last: 4
insert_pos: 5
b_last: 69
insert_pos: 70
b_last: 9
insert_pos: 12
b_last: 110
insert_pos: 111
b_last: 51
insert_pos: 52
b_last: 58
insert_pos: 60
b_last: 43
insert_pos: 44
b_last: 27
insert_pos: 28
b_last: 30
insert_pos: 31
b_last: 14
insert_pos: 15
b_last: 71
insert_pos: 72
b_last: 62
insert_pos: 63
b_last: 33
insert_pos: 34
b_last: 54
insert_pos: 55
b_last: 39
insert_pos: 40
b_last: 32
insert_pos: 33
b_last: 23
insert_pos: 24
b_last: 10
insert_pos: 12
b_last: 8
insert_pos: 9
b_last: 37
insert_pos: 38
b_last: 59
insert_pos: 60
b_last: 46
insert_pos: 47
b_last: 11
insert_pos: 12
b_last: 26
insert_pos: 27
AFTER: 1 2 3 4 5 6 7 8 9 10 11 12 13 14 15 16 17 18 19 20 21 22 23 24 25 26 27 28 29 30 31 32 33 34 35 36 37 38 39 40 41 42 43 44 45 46 47 48 49 50 51 52 53 54 55 56 57 58 59 60 61 62 63 64 65 66 67 68 69 70 71 72 73 74 75 76 77 78 79 80 81 82 83 84 85 86 87 88 89 90 91 92 93 94 95 96 97 98 99 100 101 102 103 104 105 106 107 108 109 110 111 112 113 114 115 116 117 118 119 120 121 122 123 124 125 126 127 128 129 130 131 132 133 134 135 136 137 138 139 140 141 142 143 144 145 146 147 148 149 150 151 152 153 154 155 156 157 158 159 160 161 162 163 164 165 166 167 168 169 170 171 172 173 174 175 176 177 178 179 180 181 182 183 184 185 186 187 188 189 190 191 192 193 194 195 196 197 198 199 200 201 202 203 204 205 206 207 208 209 210 211 212 213 214 215 216 217 218 219 220 221 222 223 224 225 226 227 228 229 230 231 232 233 234 235 236 237 238 239 240 241 242 243 244 245 246 247 248 249 250 251 252 253 254 255 256 257 258 259 260 261 262 263 264 265 266 267 268 269 270 271 272 273 274 275 276 277 278 279 280 281 282 283 284 285 286 287 288 289 290 291 292 293 294 295 296 297 298 299 300 301 302 303 304 305 306 307 308 309 310 311 312 313 314 315 316 317 318 319 320 321 322 323 324 325 326 327 328 329 330 331 332 333 334 335 336 337 338 339 340 341 342 343 344 345 346 347 348 349 350 351 352 353 354 355 356 357 358 359 360 361 362 363 364 365 366 367 368 369 370 371 372 373 374 375 376 377 378 379 380 381 382 383 384 385 386 387 388 389 390 391 392 393 394 395 396 397 398 399 400 401 402 403 404 405 406 407 408 409 410 411 412 413 414 415 416 417 418 419 420 421 422 423 424 425 426 427 428 429 430 431 432 433 434 435 436 437 438 439 440 441 442 443 444 445 446 447 448 449 450 451 452 453 454 455 456 457 458 459 460 461 462 463 464 465 466 467 468 469 470 471 472 473 474 475 476 477 478 479 480 481 482 483 484 485 486 487 488 489 490 491 492 493 494 495 496 497 498 499 500 

* Sorted sequence:
1 2 3 4 5 6 7 8 9 10 11 12 13 14 15 16 17 18 19 20 21 22 23 24 25 26 27 28 29 30 31 32 33 34 35 36 37 38 39 40 41 42 43 44 45 46 47 48 49 50 51 52 53 54 55 56 57 58 59 60 61 62 63 64 65 66 67 68 69 70 71 72 73 74 75 76 77 78 79 80 81 82 83 84 85 86 87 88 89 90 91 92 93 94 95 96 97 98 99 100 101 102 103 104 105 106 107 108 109 110 111 112 113 114 115 116 117 118 119 120 121 122 123 124 125 126 127 128 129 130 131 132 133 134 135 136 137 138 139 140 141 142 143 144 145 146 147 148 149 150 151 152 153 154 155 156 157 158 159 160 161 162 163 164 165 166 167 168 169 170 171 172 173 174 175 176 177 178 179 180 181 182 183 184 185 186 187 188 189 190 191 192 193 194 195 196 197 198 199 200 201 202 203 204 205 206 207 208 209 210 211 212 213 214 215 216 217 218 219 220 221 222 223 224 225 226 227 228 229 230 231 232 233 234 235 236 237 238 239 240 241 242 243 244 245 246 247 248 249 250 251 252 253 254 255 256 257 258 259 260 261 262 263 264 265 266 267 268 269 270 271 272 273 274 275 276 277 278 279 280 281 282 283 284 285 286 287 288 289 290 291 292 293 294 295 296 297 298 299 300 301 302 303 304 305 306 307 308 309 310 311 312 313 314 315 316 317 318 319 320 321 322 323 324 325 326 327 328 329 330 331 332 333 334 335 336 337 338 339 340 341 342 343 344 345 346 347 348 349 350 351 352 353 354 355 356 357 358 359 360 361 362 363 364 365 366 367 368 369 370 371 372 373 374 375 376 377 378 379 380 381 382 383 384 385 386 387 388 389 390 391 392 393 394 395 396 397 398 399 400 401 402 403 404 405 406 407 408 409 410 411 412 413 414 415 416 417 418 419 420 421 422 423 424 425 426 427 428 429 430 431 432 433 434 435 436 437 438 439 440 441 442 443 444 445 446 447 448 449 450 451 452 453 454 455 456 457 458 459 460 461 462 463 464 465 466 467 468 469 470 471 472 473 474 475 476 477 478 479 480 481 482 483 484 485 486 487 488 489 490 491 492 493 494 495 496 497 498 499 500 

* Time taken to sort the sequence: 5422 us

